1748840721, 12463, 7, 20, 16, 57, 0, 1412, 2416, 900
1748840721, 3458, 4, 19, 16, 43, 0, 1578, 2691, 447
1748840721, 4633, 3, 18, 14, 41, 0, 1270, 2422, 285
1748840721, 2409, 5, 16, 13, 37, 0, 1339, 2046, 188
1748840721, 2686, 2, 16, 15, 37, 0, 1232, 2932, 227
1748840721, 2722, 3, 18, 18, 43, 0, 1728, 2872, 333
1748840722, 5222, 4, 18, 14, 43, 0, 1858, 2028, 409
1748840722, 7026, 5, 17, 14, 44, 0, 1327, 1935, 811
1748840722, 13046, 3, 15, 10, 43, 0, 1136, 1352, 487
1748840722, 6408, 3, 15, 17, 42, 0, 2586, 1471, 616
1748840723, 4330, 4, 16, 11, 37, 0, 1399, 1425, 480
1748840723, 4015, 3, 15, 13, 37, 0, 1620, 1449, 509
1748840723, 4225, 3, 16, 15, 40, 0, 2289, 1837, 520
1748840723, 6697, 6, 18, 11, 42, 0, 1543, 1151, 295
1748840723, 5564, 5, 15, 10, 37, 0, 1259, 1414, 226
1748840724, 4358, 6, 16, 13, 41, 0, 1453, 1854, 659
1748840724, 14610, 6, 19, 15, 56, 0, 1313, 2208, 716
1748840724, 7790, 4, 14, 10, 37, 0, 1084, 1287, 376
1748840724, 6228, 4, 15, 7, 34, 0, 758, 945, 338
1748840724, 4542, 4, 15, 7, 32, 0, 743, 922, 361
1748840725, 6330, 4, 16, 14, 41, 0, 1212, 2137, 616
1748840725, 4317, 4, 18, 19, 45, 0, 1826, 2741, 944
1748840725, 4336, 4, 21, 17, 48, 0, 1759, 2191, 807
1748840725, 10921, 8, 20, 15, 54, 0, 1704, 1877, 789
1748840725, 10621, 4, 15, 7, 38, 0, 801, 990, 353
1748840726, 4746, 5, 15, 10, 36, 0, 1018, 1310, 447
1748840726, 3814, 5, 14, 10, 34, 0, 1189, 1193, 382
1748840726, 5878, 4, 15, 11, 36, 0, 1342, 1432, 380
1748840726, 4102, 4, 15, 12, 37, 0, 1370, 1703, 537
1748840726, 5482, 4, 15, 11, 36, 0, 1339, 1403, 341
1748840727, 3281, 5, 15, 10, 34, 0, 1308, 1127, 325
1748840727, 3748, 4, 15, 10, 34, 0, 1213, 1128, 300
1748840727, 3954, 6, 15, 9, 35, 0, 1199, 1071, 320
1748840727, 4073, 4, 15, 11, 35, 0, 1224, 1555, 427
1748840727, 6458, 5, 15, 11, 39, 0, 1354, 1447, 466
1748840727, 3827, 4, 15, 10, 34, 0, 1199, 1171, 331
1748840728, 5628, 4, 15, 10, 36, 0, 1105, 1343, 349
1748840728, 3090, 4, 15, 10, 33, 0, 1058, 1289, 328
1748840728, 4046, 4, 14, 11, 35, 0, 1259, 1264, 476
1748840728, 4716, 5, 15, 10, 35, 0, 1170, 1125, 367
1748840728, 4301, 3, 15, 10, 33, 0, 1189, 1218, 286
1748840729, 5022, 5, 16, 11, 39, 0, 1350, 1493, 393
1748840729, 4943, 4, 16, 13, 39, 0, 1673, 1638, 517
1748840729, 3384, 5, 16, 11, 36, 0, 1822, 1095, 298
1748840729, 4986, 7, 15, 10, 38, 0, 1419, 1088, 415
1748840729, 5863, 4, 18, 11, 40, 0, 1512, 1387, 518
1748840730, 3737, 3, 16, 11, 35, 0, 2036, 898, 259
1748840730, 13687, 4, 16, 25, 61, 0, 4913, 1926, 639
1748840730, 6326, 4, 16, 14, 41, 0, 1989, 1472, 499
1748840730, 2776, 3, 15, 14, 36, 0, 2745, 1191, 308
1748840731, 7592, 3, 15, 15, 42, 0, 2526, 1415, 312
1748840731, 3803, 4, 15, 14, 38, 0, 2041, 1261, 542
1748840731, 3953, 4, 15, 14, 38, 0, 2129, 1267, 417
1748840731, 4096, 5, 15, 12, 38, 0, 1904, 1156, 273
1748840731, 4233, 6, 19, 15, 46, 0, 2054, 1611, 556
1748840732, 11546, 4, 19, 16, 51, 0, 2701, 1547, 421
1748840732, 4163, 4, 20, 18, 47, 0, 2204, 2515, 863
1748840732, 4900, 4, 15, 12, 37, 0, 2135, 999, 256
1748840732, 4084, 3, 15, 18, 41, 0, 3066, 1681, 408
1748840732, 5155, 5, 16, 11, 39, 0, 1755, 1164, 312
1748840733, 4701, 4, 17, 15, 41, 0, 2286, 1369, 580
1748840733, 3167, 4, 16, 17, 41, 0, 3446, 1223, 478
1748840733, 3080, 4, 14, 8, 30, 0, 1274, 771, 235
1748840733, 3503, 2, 14, 9, 30, 0, 1520, 811, 281
1748840733, 3007, 3, 13, 8, 28, 0, 1370, 799, 186
1748840733, 2613, 3, 13, 8, 28, 0, 1307, 798, 201
1748840734, 2203, 2, 14, 9, 27, 0, 1470, 767, 252
1748840734, 2282, 2, 14, 9, 28, 0, 1564, 964, 190
1748840734, 3108, 3, 14, 8, 29, 0, 1297, 855, 274
1748840734, 2913, 2, 14, 9, 29, 0, 1235, 1157, 317
1748840734, 3995, 2, 13, 9, 29, 0, 1553, 915, 193
1748840735, 2615, 2, 14, 7, 26, 0, 1303, 570, 169
1748840735, 2598, 2, 15, 8, 28, 0, 1381, 785, 269
1748840735, 2990, 3, 14, 7, 28, 0, 1300, 661, 314
1748840735, 3200, 2, 15, 7, 29, 0, 1375, 662, 207
1748840735, 2868, 3, 14, 8, 28, 0, 1360, 730, 210
1748840736, 2381, 3, 14, 7, 28, 0, 1343, 648, 252
1748840736, 2449, 3, 14, 11, 31, 0, 1846, 1121, 363
1748840736, 2641, 3, 13, 7, 27, 0, 1203, 886, 237
1748840736, 3128, 2, 13, 9, 29, 0, 1384, 962, 215
1748840736, 3182, 2, 14, 8, 29, 0, 1401, 797, 219
1748840737, 2368, 2, 14, 9, 29, 0, 1579, 912, 240
1748840737, 3572, 2, 14, 10, 30, 0, 1627, 994, 220
1748840737, 3681, 3, 14, 9, 30, 0, 1290, 1002, 330
1748840737, 2511, 3, 14, 10, 31, 0, 1622, 1152, 318
1748840737, 2945, 2, 13, 8, 28, 0, 1494, 782, 192
1748840738, 3606, 3, 14, 8, 31, 0, 1356, 947, 250
1748840738, 2885, 3, 14, 13, 33, 0, 2269, 1124, 359
1748840738, 3737, 3, 14, 9, 31, 0, 1729, 849, 293
1748840738, 2561, 3, 13, 9, 30, 0, 1738, 876, 238
1748840738, 3515, 3, 13, 9, 30, 0, 1726, 837, 199
1748840739, 6050, 3, 14, 9, 33, 0, 1600, 934, 237
1748840739, 2746, 3, 14, 9, 30, 0, 1532, 1056, 325
1748840739, 2568, 4, 14, 9, 31, 0, 1698, 839, 198
1748840739, 2866, 3, 14, 10, 31, 0, 1672, 880, 358
1748840739, 3862, 3, 13, 8, 29, 0, 1489, 615, 219
1748840740, 2822, 3, 14, 7, 28, 0, 1286, 697, 206
1748840740, 2700, 3, 14, 8, 29, 0, 1336, 944, 252
1748840740, 2506, 3, 15, 8, 29, 0, 1240, 898, 282
1748840740, 3737, 3, 14, 10, 32, 0, 1577, 1222, 310
1748840740, 2460, 2, 13, 12, 31, 0, 2346, 929, 321
1748840741, 2874, 3, 14, 8, 29, 0, 960, 989, 372
1748840741, 2763, 3, 14, 10, 31, 0, 1630, 1103, 407
1748840741, 3856, 3, 14, 9, 30, 0, 1188, 987, 411
1748840741, 4491, 3, 14, 10, 32, 0, 1593, 981, 211
1748840741, 3108, 2, 14, 10, 30, 0, 1144, 1265, 402
1748840742, 3519, 2, 14, 7, 28, 0, 1116, 788, 233
1748840742, 2850, 4, 13, 8, 29, 0, 1217, 764, 222
1748840742, 2745, 3, 14, 10, 31, 0, 1856, 888, 384
1748840742, 3125, 2, 14, 8, 28, 0, 1265, 764, 212
1748840742, 2670, 3, 14, 9, 29, 0, 1544, 807, 315
1748840743, 2816, 3, 14, 9, 29, 0, 1693, 777, 293
1748840743, 3159, 2, 14, 9, 29, 0, 1376, 1013, 355
1748840743, 3100, 3, 14, 8, 29, 0, 1295, 835, 246
1748840743, 3061, 3, 14, 8, 29, 0, 1450, 728, 210
1748840743, 2811, 3, 14, 8, 29, 0, 1431, 701, 204
1748840744, 2304, 3, 14, 9, 29, 0, 1528, 871, 271
1748840744, 3087, 2, 14, 11, 31, 0, 2317, 815, 230
1748840744, 6933, 3, 14, 11, 36, 0, 1730, 1211, 303
1748840744, 2446, 3, 14, 9, 30, 0, 1862, 796, 255
1748840744, 3157, 3, 13, 9, 29, 0, 1781, 678, 187
1748840745, 3072, 3, 14, 8, 29, 0, 1674, 751, 252
1748840745, 3397, 2, 13, 6, 26, 0, 1121, 535, 208
1748840745, 2504, 2, 14, 10, 30, 0, 1793, 898, 222
1748840745, 3066, 3, 15, 8, 30, 0, 1438, 805, 238
1748840745, 3111, 3, 14, 11, 33, 0, 1795, 1100, 310
1748840746, 2894, 4, 14, 9, 32, 0, 1489, 952, 268
1748840746, 6262, 4, 14, 12, 37, 0, 1964, 1157, 437
1748840746, 2567, 4, 14, 9, 30, 0, 1690, 691, 201
1748840746, 3847, 3, 14, 7, 29, 0, 1073, 758, 215
1748840746, 3034, 3, 14, 11, 33, 0, 1537, 1277, 321
1748840747, 5761, 5, 15, 9, 36, 0, 1206, 1207, 378
1748840747, 3116, 3, 14, 8, 29, 0, 1233, 805, 223
1748840747, 3680, 3, 14, 10, 33, 0, 1627, 1026, 357
1748840747, 3114, 2, 14, 10, 31, 0, 1580, 997, 238
1748840747, 2914, 3, 14, 8, 30, 0, 1303, 961, 229
1748840748, 3797, 2, 14, 12, 33, 0, 2005, 1248, 324
1748840748, 3062, 3, 14, 8, 29, 0, 1269, 731, 154
1748840748, 2648, 3, 15, 8, 29, 0, 1344, 563, 161
1748840748, 3049, 3, 15, 10, 32, 0, 1516, 1157, 353
1748840748, 3364, 2, 14, 7, 28, 0, 1170, 784, 211
1748840749, 2940, 2, 14, 8, 29, 0, 1313, 872, 224
1748840749, 2999, 3, 14, 10, 31, 0, 1581, 1104, 288
1748840749, 2558, 3, 14, 7, 28, 0, 1255, 741, 336
1748840749, 2728, 2, 14, 7, 27, 0, 877, 855, 361
1748840749, 2344, 2, 14, 6, 26, 0, 844, 715, 227
1748840750, 3427, 2, 14, 6, 27, 0, 979, 617, 227
1748840750, 4144, 3, 14, 7, 29, 0, 831, 985, 246
1748840750, 2524, 2, 14, 6, 26, 0, 957, 743, 248
1748840750, 2342, 3, 14, 7, 27, 0, 1026, 715, 271
1748840750, 2804, 3, 14, 7, 29, 0, 1242, 673, 227
1748840751, 3207, 2, 14, 7, 27, 0, 1280, 575, 209
1748840751, 3401, 3, 14, 8, 30, 0, 1677, 631, 205
1748840751, 2535, 3, 15, 6, 28, 0, 1038, 652, 193
1748840751, 2605, 3, 15, 7, 28, 0, 1147, 715, 182
1748840751, 2649, 3, 14, 8, 29, 0, 1273, 879, 265
1748840752, 3091, 3, 14, 8, 29, 0, 1237, 780, 279
1748840752, 3045, 2, 14, 8, 28, 0, 1326, 804, 275
1748840752, 2853, 2, 14, 7, 27, 0, 1248, 671, 214
1748840752, 2939, 3, 14, 7, 28, 0, 1221, 662, 199
1748840752, 2856, 3, 15, 7, 28, 0, 1140, 713, 173
1748840753, 2661, 2, 14, 10, 29, 0, 1398, 1137, 376
1748840753, 2389, 3, 14, 8, 28, 0, 1423, 707, 161
1748840753, 2585, 4, 14, 11, 32, 0, 1493, 1288, 467
1748840753, 2745, 3, 14, 8, 29, 0, 1186, 892, 223
1748840753, 2881, 3, 14, 8, 29, 0, 1277, 945, 283
1748840754, 4846, 3, 14, 8, 31, 0, 1504, 780, 222
1748840754, 2915, 3, 14, 10, 31, 0, 1987, 788, 211
1748840754, 2491, 3, 14, 10, 30, 0, 1613, 994, 198
1748840754, 2507, 3, 14, 10, 30, 0, 1937, 939, 281
1748840754, 3128, 2, 14, 13, 33, 0, 2515, 1050, 301
1748840755, 3487, 2, 14, 9, 29, 0, 1683, 771, 209
1748840755, 2590, 3, 14, 12, 33, 0, 2340, 1023, 333
1748840755, 5480, 3, 14, 12, 36, 0, 2081, 1282, 301
1748840755, 2946, 3, 14, 11, 32, 0, 2069, 940, 351
1748840755, 2508, 3, 14, 9, 30, 0, 1656, 890, 211
1748840756, 2615, 3, 14, 9, 29, 0, 1522, 615, 284
1748840756, 2602, 4, 14, 9, 31, 0, 1507, 1109, 187
1748840756, 2157, 4, 15, 12, 33, 0, 2229, 882, 315
1748840756, 3197, 3, 15, 11, 33, 0, 2231, 920, 289
1748840756, 3236, 3, 16, 9, 33, 0, 1440, 985, 376
1748840757, 2496, 2, 14, 11, 31, 0, 2337, 777, 299
1748840757, 2367, 2, 14, 9, 29, 0, 1518, 1054, 208
1748840757, 2806, 3, 14, 9, 29, 0, 1581, 736, 201
1748840757, 2340, 2, 14, 11, 30, 0, 2112, 990, 216
1748840757, 3250, 3, 14, 11, 32, 0, 1891, 982, 250
1748840758, 2651, 3, 14, 8, 29, 0, 1403, 805, 212
1748840758, 2717, 3, 14, 10, 31, 0, 1829, 952, 239
1748840758, 2673, 2, 13, 9, 28, 0, 1634, 761, 204
1748840758, 2414, 2, 14, 9, 28, 0, 1513, 933, 230
1748840758, 3487, 2, 14, 8, 28, 0, 1389, 817, 212
1748840759, 3628, 3, 14, 11, 32, 0, 1865, 978, 305
1748840759, 3225, 2, 14, 9, 29, 0, 1332, 1009, 194
1748840759, 2396, 4, 14, 8, 29, 0, 1182, 918, 270
1748840759, 2266, 2, 14, 9, 28, 0, 1547, 896, 214
1748840759, 3450, 2, 14, 8, 29, 0, 1443, 722, 211
1748840760, 2595, 3, 14, 10, 30, 0, 1897, 865, 339
1748840760, 3293, 2, 13, 12, 32, 0, 1728, 1179, 453
1748840760, 2543, 3, 14, 8, 28, 0, 1081, 951, 244
1748840760, 2996, 2, 14, 7, 27, 0, 1185, 542, 192
1748840760, 2767, 3, 14, 9, 30, 0, 1239, 1139, 362
1748840761, 3079, 3, 14, 11, 32, 0, 1721, 1157, 386
1748840761, 2431, 3, 14, 10, 31, 0, 1904, 876, 248
1748840761, 3504, 3, 14, 12, 33, 0, 1611, 1388, 543
1748840761, 5955, 4, 14, 9, 34, 0, 1544, 856, 190
1748840761, 2607, 3, 14, 6, 27, 0, 1063, 708, 186
1748840762, 3631, 3, 14, 10, 31, 0, 1771, 974, 251
1748840762, 2997, 2, 14, 8, 28, 0, 1678, 632, 217
1748840762, 2343, 3, 14, 9, 30, 0, 1727, 820, 289
1748840762, 2643, 3, 15, 10, 32, 0, 1616, 1172, 303
1748840762, 2927, 4, 14, 9, 31, 0, 1559, 964, 312
1748840763, 3650, 3, 14, 12, 34, 0, 1932, 1238, 377
1748840763, 3634, 2, 15, 11, 32, 0, 2138, 920, 259
1748840763, 2917, 2, 15, 10, 31, 0, 2008, 683, 173
1748840763, 2977, 3, 14, 7, 28, 0, 1286, 681, 206
1748840763, 2915, 3, 14, 9, 30, 0, 1795, 552, 187
1748840764, 2645, 2, 14, 9, 29, 0, 1752, 753, 170
1748840764, 2969, 2, 14, 8, 28, 0, 1530, 666, 208
1748840764, 3201, 3, 14, 12, 34, 0, 2507, 872, 213
1748840764, 2704, 2, 14, 10, 30, 0, 2028, 753, 249
1748840764, 2877, 2, 14, 8, 28, 0, 1471, 659, 180
1748840765, 2473, 3, 15, 10, 31, 0, 1836, 1000, 241
1748840765, 2959, 2, 14, 11, 31, 0, 1714, 1188, 301
1748840765, 2827, 4, 14, 7, 29, 0, 1124, 761, 231
1748840765, 2789, 2, 14, 7, 27, 0, 1306, 692, 184
1748840765, 2656, 2, 14, 7, 27, 0, 1243, 615, 210
1748840766, 2472, 2, 14, 6, 27, 0, 1072, 595, 215
1748840766, 2634, 3, 14, 7, 28, 0, 1503, 483, 191
1748840766, 2579, 2, 14, 6, 26, 0, 1139, 567, 164
1748840766, 3176, 2, 14, 7, 27, 0, 1198, 591, 216
1748840766, 6797, 3, 15, 7, 32, 0, 1190, 591, 185
1748840767, 2758, 3, 14, 10, 31, 0, 1211, 1333, 521
1748840767, 6237, 3, 15, 8, 34, 0, 955, 1119, 412
1748840767, 3137, 2, 14, 6, 26, 0, 931, 595, 209
1748840767, 2363, 3, 14, 6, 26, 0, 965, 689, 229
1748840767, 2640, 3, 14, 7, 27, 0, 788, 786, 357
1748840768, 2635, 3, 14, 6, 27, 0, 916, 785, 174
1748840768, 3713, 4, 15, 9, 32, 0, 1212, 1007, 321
1748840768, 2630, 2, 15, 6, 27, 0, 1079, 570, 193
1748840768, 2865, 2, 14, 7, 27, 0, 1023, 693, 167
1748840768, 2498, 3, 14, 5, 26, 0, 761, 664, 198
1748840769, 2486, 4, 15, 7, 28, 0, 853, 917, 227
1748840769, 5875, 2, 14, 7, 30, 0, 1014, 771, 178
1748840769, 2520, 4, 15, 8, 30, 0, 948, 1063, 383
1748840769, 3789, 4, 15, 7, 31, 0, 923, 986, 239
1748840769, 2609, 3, 15, 7, 29, 0, 1010, 840, 248
1748840770, 2901, 2, 15, 7, 28, 0, 944, 986, 256
1748840770, 3169, 3, 14, 6, 28, 0, 766, 789, 270
1748840770, 2841, 3, 14, 6, 26, 0, 901, 679, 220
1748840770, 2620, 2, 14, 7, 26, 0, 898, 756, 234
1748840770, 3015, 2, 14, 6, 26, 0, 999, 578, 166
1748840771, 4556, 3, 15, 10, 34, 0, 1581, 1038, 256
1748840771, 2933, 2, 15, 8, 29, 0, 1332, 553, 195
1748840771, 2619, 3, 14, 6, 27, 0, 1090, 596, 181
1748840771, 3423, 4, 14, 8, 30, 0, 1288, 678, 190
1748840771, 2947, 2, 14, 7, 27, 0, 1217, 733, 219
1748840772, 2771, 3, 14, 7, 28, 0, 1056, 772, 288
1748840772, 3184, 3, 14, 7, 28, 0, 1115, 662, 239
1748840772, 2523, 4, 15, 9, 30, 0, 1429, 758, 202
1748840772, 2605, 3, 14, 8, 29, 0, 1054, 937, 443
1748840772, 2607, 4, 15, 8, 30, 0, 1022, 938, 226
1748840773, 2424, 3, 14, 6, 27, 0, 924, 782, 261
1748840773, 3329, 2, 14, 6, 26, 0, 955, 638, 227
1748840773, 2965, 3, 14, 7, 28, 0, 911, 838, 255
1748840773, 2977, 3, 15, 7, 29, 0, 978, 792, 281
1748840773, 2766, 2, 14, 6, 26, 0, 1109, 591, 202
1748840774, 2755, 3, 13, 6, 27, 0, 1139, 581, 160
1748840774, 2651, 2, 14, 8, 27, 0, 1448, 687, 191
1748840774, 5310, 3, 14, 9, 33, 0, 1667, 699, 198
1748840774, 2963, 3, 14, 7, 28, 0, 1186, 663, 200
1748840774, 2869, 3, 14, 8, 28, 0, 1377, 748, 205
1748840775, 3429, 2, 14, 7, 27, 0, 1200, 709, 200
1748840775, 2991, 3, 14, 6, 27, 0, 798, 767, 209
1748840775, 2326, 2, 14, 9, 28, 0, 1237, 956, 263
1748840775, 2400, 2, 14, 8, 28, 0, 1084, 1068, 224
1748840775, 2922, 2, 13, 8, 28, 0, 1197, 858, 246
1748840776, 2767, 2, 14, 9, 29, 0, 1334, 871, 217
1748840776, 2924, 3, 14, 8, 29, 0, 1173, 984, 270
1748840776, 5749, 3, 14, 7, 30, 0, 1018, 750, 205
1748840776, 2698, 2, 14, 8, 28, 0, 1429, 639, 177
1748840776, 2704, 3, 15, 10, 31, 0, 1873, 1054, 240
1748840777, 2681, 4, 14, 8, 29, 0, 1351, 774, 224
1748840777, 3631, 2, 14, 8, 28, 0, 1351, 824, 208
1748840777, 2403, 3, 14, 9, 31, 0, 1474, 1127, 233
1748840777, 3036, 2, 14, 8, 29, 0, 1659, 632, 165
1748840777, 2956, 3, 14, 10, 31, 0, 1346, 1102, 369
1748840778, 2526, 2, 14, 8, 27, 0, 1412, 700, 178
1748840778, 2879, 2, 13, 7, 27, 0, 1195, 841, 236
1748840778, 2613, 2, 14, 8, 28, 0, 1257, 804, 235
1748840778, 2657, 2, 14, 11, 31, 0, 1401, 1256, 471
1748840778, 3239, 2, 14, 8, 28, 0, 1142, 999, 199
1748840779, 2659, 3, 14, 8, 28, 0, 1201, 886, 242
1748840779, 4267, 2, 14, 8, 29, 0, 1569, 712, 206
1748840779, 3730, 3, 14, 7, 29, 0, 1049, 912, 260
1748840779, 3514, 2, 13, 7, 28, 0, 1084, 852, 230
1748840779, 3268, 3, 14, 9, 31, 0, 1657, 904, 236
1748840780, 2509, 2, 13, 6, 25, 0, 989, 582, 176
1748840780, 2817, 3, 14, 7, 28, 0, 996, 856, 286
1748840780, 2774, 3, 14, 8, 29, 0, 1227, 911, 325
1748840780, 2549, 4, 13, 9, 29, 0, 1237, 975, 198
1748840780, 3082, 3, 14, 6, 27, 0, 765, 795, 178
1748840781, 2818, 2, 13, 8, 27, 0, 784, 1215, 289
1748840781, 2895, 4, 14, 9, 31, 0, 979, 1282, 457
1748840781, 6547, 2, 14, 7, 31, 0, 731, 1027, 289
1748840781, 4729, 3, 14, 7, 30, 0, 824, 968, 312
1748840781, 3144, 3, 14, 7, 27, 0, 835, 795, 229
1748840782, 2706, 3, 13, 9, 29, 0, 815, 1134, 373
1748840782, 3211, 2, 14, 4, 24, 0, 436, 600, 187
1748840782, 2523, 2, 13, 5, 24, 0, 492, 740, 222
1748840782, 2637, 3, 13, 6, 25, 0, 632, 776, 280
1748840782, 2752, 2, 13, 6, 24, 0, 788, 661, 205
1748840783, 2730, 3, 14, 6, 26, 0, 810, 666, 246
1748840783, 3195, 2, 13, 7, 27, 0, 1147, 611, 203
1748840783, 2804, 3, 14, 8, 29, 0, 1222, 816, 286
1748840783, 2883, 3, 13, 8, 28, 0, 1110, 868, 248
1748840783, 2557, 3, 14, 9, 29, 0, 1028, 1264, 336
1748840784, 2908, 3, 14, 8, 28, 0, 1281, 882, 218
1748840784, 5763, 3, 13, 7, 31, 0, 997, 944, 290
1748840784, 2871, 3, 13, 8, 28, 0, 952, 967, 316
1748840784, 2227, 4, 13, 7, 27, 0, 774, 968, 284
1748840784, 2455, 3, 13, 9, 29, 0, 960, 1517, 336
1748840785, 2507, 3, 14, 7, 28, 0, 1042, 880, 286
1748840785, 2777, 2, 14, 8, 28, 0, 1323, 864, 299
1748840785, 2940, 2, 14, 8, 28, 0, 1188, 850, 212
1748840785, 2971, 2, 13, 7, 27, 0, 998, 903, 226
1748840785, 5938, 2, 13, 8, 31, 0, 1292, 790, 207
1748840786, 2406, 2, 14, 9, 29, 0, 1175, 1026, 441
1748840786, 3413, 2, 13, 10, 29, 0, 1308, 1186, 412
1748840786, 4040, 2, 14, 9, 30, 0, 1365, 899, 221
1748840786, 2776, 2, 13, 8, 27, 0, 1333, 725, 213
1748840786, 2876, 2, 13, 9, 28, 0, 1316, 957, 225
1748840787, 2932, 2, 13, 10, 29, 0, 1495, 946, 210
1748840787, 3051, 4, 13, 9, 30, 0, 1468, 1033, 318
1748840787, 2626, 3, 14, 9, 29, 0, 1373, 1052, 212
1748840787, 7989, 3, 14, 11, 36, 0, 1765, 1092, 384
1748840787, 2679, 3, 13, 7, 27, 0, 1053, 811, 254
1748840788, 2920, 3, 14, 9, 29, 0, 1479, 813, 235
1748840788, 3145, 2, 13, 8, 27, 0, 1216, 776, 176
1748840788, 3465, 2, 13, 8, 28, 0, 1266, 744, 188
1748840788, 2995, 3, 13, 8, 28, 0, 1235, 849, 215
1748840788, 3049, 2, 13, 8, 27, 0, 1353, 710, 214
1748840789, 2894, 2, 13, 8, 28, 0, 1393, 860, 198
1748840789, 3615, 3, 13, 8, 29, 0, 1451, 739, 243
1748840789, 2317, 2, 13, 7, 26, 0, 1258, 599, 153
1748840789, 2826, 3, 14, 7, 28, 0, 1043, 792, 245
1748840789, 6266, 3, 13, 8, 32, 0, 1320, 832, 230
1748840790, 3019, 3, 14, 8, 29, 0, 1441, 705, 233
1748840790, 4115, 3, 15, 10, 33, 0, 1718, 965, 271
1748840790, 2513, 2, 13, 7, 26, 0, 1023, 848, 275
1748840790, 2953, 3, 14, 6, 27, 0, 1041, 617, 179
1748840790, 2253, 4, 14, 8, 29, 0, 1332, 885, 407
1748840791, 5809, 2, 14, 9, 32, 0, 1574, 930, 332
1748840791, 2350, 3, 14, 9, 29, 0, 1311, 1080, 337
1748840791, 2687, 4, 15, 8, 32, 0, 1305, 976, 295
1748840791, 2668, 3, 14, 7, 27, 0, 1093, 758, 184
1748840791, 3105, 4, 14, 7, 29, 0, 884, 984, 278
1748840792, 2946, 3, 14, 7, 28, 0, 1048, 802, 230
1748840792, 2547, 2, 14, 8, 27, 0, 1236, 725, 210
1748840792, 2896, 2, 13, 7, 27, 0, 855, 916, 272
1748840792, 2981, 2, 14, 6, 26, 0, 963, 649, 203
1748840792, 2307, 3, 13, 8, 27, 0, 1329, 759, 210
1748840793, 2931, 2, 14, 7, 27, 0, 1060, 723, 176
1748840793, 2710, 3, 13, 6, 26, 0, 816, 680, 211
1748840793, 2391, 2, 13, 6, 25, 0, 909, 700, 212
1748840793, 2568, 3, 13, 6, 26, 0, 804, 690, 203
1748840793, 3129, 2, 13, 7, 26, 0, 1021, 716, 206
1748840794, 3193, 2, 13, 6, 25, 0, 727, 699, 306
1748840794, 6488, 4, 14, 6, 31, 0, 772, 798, 273
1748840794, 3377, 3, 14, 10, 31, 0, 1629, 988, 347
1748840794, 5313, 3, 13, 6, 28, 0, 687, 732, 225
1748840794, 2895, 3, 13, 8, 28, 0, 1414, 828, 225
1748840795, 2679, 2, 13, 6, 25, 0, 921, 747, 215
1748840795, 2786, 3, 14, 8, 28, 0, 817, 1115, 337
1748840795, 2956, 3, 13, 6, 27, 0, 726, 881, 320
1748840795, 2430, 2, 13, 6, 25, 0, 783, 726, 184
1748840795, 2240, 4, 14, 7, 27, 0, 952, 817, 214
1748840796, 3141, 3, 14, 6, 27, 0, 909, 843, 241
1748840796, 2850, 3, 14, 7, 28, 0, 1014, 858, 217
1748840796, 2479, 3, 13, 7, 27, 0, 837, 925, 260
1748840796, 2531, 3, 13, 9, 29, 0, 1287, 1112, 343
1748840796, 2395, 2, 13, 7, 25, 0, 1043, 839, 207
1748840797, 2859, 3, 13, 7, 27, 0, 1030, 823, 272
1748840797, 2603, 2, 13, 7, 26, 0, 1057, 826, 203
1748840797, 2206, 2, 13, 6, 25, 0, 878, 844, 213
1748840797, 2288, 2, 13, 6, 24, 0, 942, 608, 170
1748840797, 2285, 2, 13, 7, 25, 0, 1227, 643, 207
1748840798, 2842, 2, 13, 7, 26, 0, 1256, 621, 174
1748840798, 3583, 3, 14, 7, 29, 0, 1036, 844, 213
1748840798, 2669, 2, 13, 7, 26, 0, 888, 951, 303
1748840798, 3596, 3, 13, 5, 26, 0, 689, 708, 196
1748840798, 2416, 2, 12, 6, 24, 0, 890, 792, 218
1748840799, 2395, 3, 13, 7, 27, 0, 696, 971, 399
1748840799, 2849, 4, 13, 6, 27, 0, 891, 731, 177
1748840799, 2736, 3, 13, 6, 26, 0, 601, 818, 251
1748840799, 2727, 2, 13, 7, 26, 0, 752, 923, 302
1748840799, 3597, 2, 13, 7, 26, 0, 759, 879, 262
1748840800, 3465, 2, 13, 6, 26, 0, 762, 885, 242
1748840800, 2680, 3, 13, 6, 26, 0, 608, 886, 399
1748840800, 2772, 2, 13, 10, 29, 0, 1691, 1040, 319
1748840800, 2882, 2, 13, 6, 25, 0, 554, 901, 254
1748840800, 2702, 4, 13, 6, 26, 0, 692, 727, 192
1748840801, 2449, 3, 13, 5, 25, 0, 555, 780, 228
1748840801, 2686, 2, 13, 4, 22, 0, 438, 583, 206
1748840801, 2841, 2, 13, 4, 23, 0, 378, 618, 195
1748840801, 4989, 3, 13, 4, 27, 0, 359, 728, 259
1748840801, 2704, 3, 13, 4, 24, 0, 410, 699, 227
1748840802, 2784, 4, 13, 5, 25, 0, 410, 740, 234
1748840802, 2503, 4, 13, 5, 25, 0, 406, 846, 261
1748840802, 2679, 2, 13, 4, 22, 0, 305, 593, 208
1748840802, 3052, 2, 13, 4, 23, 0, 283, 603, 201
1748840802, 2755, 2, 13, 4, 22, 0, 295, 572, 186
1748840803, 2399, 3, 13, 3, 22, 0, 260, 504, 214
1748840803, 2862, 3, 13, 4, 23, 0, 218, 635, 289
1748840803, 2560, 3, 13, 4, 23, 0, 173, 648, 284
1748840803, 2859, 2, 13, 3, 22, 0, 185, 467, 241
1748840803, 3189, 4, 13, 3, 23, 0, 182, 458, 217
1748840804, 3001, 2, 13, 3, 22, 0, 193, 503, 193
1748840804, 4480, 3, 13, 4, 26, 0, 273, 722, 277
1748840804, 2739, 3, 13, 3, 23, 0, 228, 424, 207
1748840804, 2447, 4, 13, 3, 23, 0, 184, 573, 186
1748840804, 3233, 3, 13, 4, 24, 0, 253, 617, 271
1748840805, 2514, 3, 13, 3, 23, 0, 239, 514, 279
1748840805, 2683, 3, 13, 4, 23, 0, 217, 638, 257
1748840805, 2912, 3, 13, 4, 24, 0, 279, 610, 244
1748840805, 2867, 2, 13, 3, 21, 0, 196, 504, 200
1748840805, 2412, 2, 13, 2, 21, 0, 175, 383, 190
1748840806, 2493, 3, 13, 3, 22, 0, 184, 469, 181
1748840806, 2662, 2, 13, 3, 21, 0, 212, 426, 218
1748840806, 2720, 3, 13, 3, 23, 0, 233, 515, 235
1748840806, 2816, 2, 13, 4, 23, 0, 256, 710, 289
1748840806, 2662, 3, 13, 4, 23, 0, 212, 658, 239
1748840807, 2785, 3, 13, 4, 23, 0, 249, 578, 265
1748840807, 2457, 3, 13, 4, 24, 0, 256, 677, 361
1748840807, 2372, 4, 13, 7, 27, 0, 466, 1104, 299
1748840807, 3875, 3, 13, 4, 25, 0, 249, 738, 230
1748840807, 2523, 2, 13, 3, 22, 0, 189, 598, 185
1748840808, 3399, 2, 13, 4, 23, 0, 209, 786, 201
1748840808, 2430, 3, 13, 4, 24, 0, 210, 801, 276
1748840808, 4241, 2, 13, 4, 24, 0, 240, 700, 219
1748840808, 2117, 3, 13, 5, 24, 0, 339, 858, 330
1748840808, 2496, 2, 13, 4, 23, 0, 360, 593, 219
1748840809, 3210, 3, 13, 4, 24, 0, 331, 652, 193
1748840809, 2279, 3, 13, 5, 24, 0, 352, 760, 271
1748840809, 2788, 2, 13, 4, 23, 0, 326, 742, 217
1748840809, 2575, 3, 13, 4, 22, 0, 322, 616, 208
1748840809, 3026, 3, 13, 6, 26, 0, 609, 713, 282
1748840810, 2670, 2, 13, 4, 22, 0, 303, 596, 223
1748840810, 2907, 2, 13, 5, 24, 0, 406, 668, 221
1748840810, 2956, 3, 13, 4, 25, 0, 317, 699, 247
1748840810, 2809, 3, 13, 5, 25, 0, 384, 842, 265
1748840810, 2271, 3, 13, 4, 24, 0, 291, 777, 227
1748840811, 3086, 2, 14, 6, 26, 0, 450, 849, 370
1748840811, 5130, 3, 13, 5, 27, 0, 338, 760, 240
1748840811, 2584, 3, 13, 4, 24, 0, 397, 666, 279
1748840811, 3020, 3, 13, 5, 25, 0, 343, 735, 297
1748840811, 2542, 4, 13, 4, 24, 0, 357, 552, 169
1748840812, 2264, 3, 13, 3, 23, 0, 267, 568, 181
1748840812, 2635, 3, 13, 4, 24, 0, 432, 609, 258
1748840812, 3406, 2, 14, 5, 26, 0, 432, 798, 296
1748840812, 3206, 2, 14, 6, 26, 0, 398, 859, 300
1748840812, 2740, 2, 14, 3, 23, 0, 256, 570, 209
1748840813, 3087, 3, 13, 3, 24, 0, 234, 575, 228
1748840813, 2766, 3, 13, 5, 25, 0, 333, 758, 312
1748840813, 3073, 2, 13, 4, 23, 0, 292, 667, 241
1748840813, 2501, 2, 13, 3, 22, 0, 217, 438, 210
1748840813, 3391, 2, 13, 3, 23, 0, 206, 552, 200
1748840814, 2620, 3, 14, 3, 24, 0, 248, 524, 242
1748840814, 2905, 3, 13, 4, 25, 0, 288, 736, 276
1748840814, 2574, 3, 13, 3, 23, 0, 250, 477, 244
1748840814, 2837, 3, 13, 3, 23, 0, 184, 422, 200
1748840814, 3467, 2, 13, 3, 22, 0, 191, 454, 227
1748840815, 2403, 3, 14, 4, 24, 0, 327, 782, 245
1748840815, 4177, 4, 13, 4, 25, 0, 228, 617, 222
1748840815, 2829, 2, 13, 3, 22, 0, 219, 455, 227
1748840815, 2473, 2, 13, 3, 22, 0, 219, 585, 258
1748840815, 2795, 3, 13, 3, 22, 0, 233, 567, 239
1748840816, 3070, 2, 14, 3, 23, 0, 186, 496, 258
1748840816, 3253, 3, 13, 3, 24, 0, 257, 526, 245
1748840816, 2331, 2, 13, 3, 21, 0, 199, 564, 233
1748840816, 2777, 2, 13, 3, 21, 0, 188, 485, 191
1748840816, 3084, 2, 13, 3, 22, 0, 144, 498, 202
1748840817, 3269, 3, 13, 3, 23, 0, 214, 596, 241
1748840817, 2592, 4, 12, 2, 22, 0, 146, 416, 169
1748840817, 2486, 2, 12, 3, 21, 0, 158, 568, 234
1748840817, 3132, 5, 13, 2, 24, 0, 152, 450, 185
1748840817, 3303, 3, 13, 3, 24, 0, 205, 605, 273
1748840818, 2595, 3, 13, 3, 23, 0, 178, 550, 193
1748840818, 2644, 2, 13, 3, 22, 0, 212, 487, 272
1748840818, 2584, 3, 13, 3, 23, 0, 215, 540, 221
1748840818, 2707, 2, 12, 2, 21, 0, 138, 473, 186
1748840818, 3047, 2, 13, 3, 22, 0, 163, 502, 237
1748840819, 3641, 4, 13, 3, 25, 0, 205, 575, 261
1748840819, 2689, 3, 12, 2, 21, 0, 128, 424, 191
1748840819, 3148, 3, 13, 4, 24, 0, 212, 656, 248
1748840819, 2250, 2, 13, 3, 21, 0, 172, 455, 251
1748840819, 2556, 3, 13, 3, 22, 0, 176, 467, 224
1748840820, 2941, 3, 13, 3, 23, 0, 161, 542, 195
1748840820, 2347, 3, 13, 3, 22, 0, 169, 514, 216
1748840820, 2307, 3, 13, 3, 23, 0, 245, 508, 212
1748840820, 2742, 4, 13, 3, 23, 0, 204, 481, 214
1748840820, 2695, 2, 13, 3, 21, 0, 168, 491, 203
1748840821, 2713, 3, 13, 3, 23, 0, 180, 548, 227
1748840821, 2958, 3, 13, 3, 24, 0, 235, 563, 242
1748840821, 2404, 2, 13, 5, 24, 0, 346, 742, 210
1748840821, 4276, 2, 13, 2, 22, 0, 154, 430, 210
1748840821, 2562, 2, 13, 2, 21, 0, 143, 460, 181
1748840822, 2572, 3, 13, 3, 23, 0, 188, 551, 227
1748840822, 2703, 3, 13, 3, 22, 0, 184, 456, 236
1748840822, 2545, 3, 13, 4, 23, 0, 246, 660, 246
1748840822, 3187, 2, 13, 4, 24, 0, 266, 623, 270
1748840822, 2816, 4, 13, 3, 24, 0, 256, 542, 268
1748840823, 3003, 2, 13, 4, 23, 0, 302, 566, 183
1748840823, 2953, 2, 13, 4, 23, 0, 235, 694, 199
1748840823, 2369, 2, 13, 3, 22, 0, 309, 514, 208
1748840823, 2794, 3, 14, 4, 24, 0, 264, 624, 266
1748840823, 4463, 2, 13, 3, 23, 0, 233, 474, 249
1748840824, 2699, 3, 13, 3, 23, 0, 220, 494, 188
1748840824, 2742, 3, 14, 4, 25, 0, 324, 737, 264
1748840824, 3216, 3, 13, 4, 25, 0, 251, 670, 218
1748840824, 3025, 3, 13, 3, 24, 0, 255, 526, 309
1748840824, 3101, 2, 13, 6, 25, 0, 446, 952, 453
1748840825, 2605, 3, 13, 3, 22, 0, 210, 561, 184
1748840825, 3228, 4, 13, 3, 24, 0, 257, 574, 217
1748840825, 2368, 2, 13, 4, 23, 0, 353, 543, 198
1748840825, 3024, 3, 14, 5, 25, 0, 346, 724, 340
1748840825, 2644, 4, 13, 3, 25, 0, 278, 594, 208
1748840826, 2409, 2, 13, 4, 22, 0, 352, 646, 189
1748840826, 2669, 3, 13, 4, 23, 0, 302, 641, 201
1748840826, 2688, 3, 13, 6, 26, 0, 351, 1044, 347
1748840826, 2761, 3, 13, 6, 26, 0, 356, 1065, 336
1748840826, 3071, 2, 13, 5, 24, 0, 349, 769, 251
1748840827, 2762, 2, 13, 4, 23, 0, 319, 752, 242
1748840827, 4697, 3, 13, 5, 26, 0, 374, 744, 298
1748840827, 2782, 2, 13, 4, 23, 0, 382, 675, 190
1748840827, 2443, 2, 13, 4, 23, 0, 349, 679, 247
1748840827, 3117, 2, 13, 4, 23, 0, 268, 703, 201
1748840828, 2700, 3, 13, 4, 23, 0, 286, 640, 219
1748840828, 3544, 3, 13, 5, 26, 0, 345, 984, 259
1748840828, 2759, 2, 13, 4, 22, 0, 207, 731, 192
1748840828, 2767, 2, 13, 4, 23, 0, 335, 721, 190
1748840828, 2287, 2, 13, 4, 22, 0, 381, 618, 211
1748840829, 2852, 2, 13, 4, 24, 0, 337, 745, 201
1748840829, 2815, 3, 13, 4, 23, 0, 315, 587, 205
1748840829, 2588, 3, 13, 5, 25, 0, 385, 836, 310
1748840829, 2726, 2, 13, 5, 24, 0, 329, 712, 252
1748840829, 5139, 3, 13, 9, 32, 0, 496, 1412, 770
1748840830, 6266, 4, 14, 5, 30, 0, 290, 810, 336
1748840830, 2681, 3, 13, 5, 25, 0, 392, 912, 258
1748840830, 2542, 2, 13, 5, 24, 0, 330, 764, 180
1748840830, 2891, 2, 13, 4, 24, 0, 385, 654, 217
1748840830, 3807, 4, 13, 4, 27, 0, 313, 729, 252
1748840831, 2947, 3, 13, 4, 24, 0, 315, 644, 340
1748840831, 3637, 2, 13, 4, 24, 0, 326, 707, 200
1748840831, 2603, 2, 13, 4, 22, 0, 324, 580, 198
1748840831, 2711, 3, 13, 4, 24, 0, 405, 661, 249
1748840831, 2596, 3, 13, 4, 23, 0, 328, 600, 224
1748840832, 2417, 2, 13, 3, 21, 0, 193, 493, 196
1748840832, 2713, 3, 13, 6, 25, 0, 381, 1032, 303
1748840832, 2489, 2, 13, 3, 21, 0, 188, 530, 217
1748840832, 2425, 2, 13, 4, 22, 0, 270, 772, 219
1748840832, 3110, 3, 13, 4, 24, 0, 289, 666, 227
1748840833, 3251, 2, 13, 3, 22, 0, 187, 557, 233
1748840833, 2906, 2, 13, 4, 23, 0, 219, 664, 274
1748840833, 2613, 3, 13, 5, 24, 0, 326, 725, 264
1748840833, 2806, 4, 13, 3, 23, 0, 212, 463, 199
1748840833, 2689, 3, 13, 3, 23, 0, 184, 557, 261
1748840834, 3076, 2, 13, 3, 22, 0, 214, 480, 192
1748840834, 2672, 3, 13, 3, 23, 0, 250, 579, 220
1748840834, 2532, 3, 13, 4, 23, 0, 239, 615, 231
1748840834, 2329, 3, 13, 4, 23, 0, 231, 536, 263
1748840834, 2718, 2, 13, 3, 21, 0, 218, 465, 197
1748840835, 2817, 2, 13, 3, 22, 0, 224, 494, 197
1748840835, 3284, 3, 13, 4, 24, 0, 279, 570, 197
1748840835, 3657, 3, 14, 3, 25, 0, 244, 524, 244
1748840835, 2940, 3, 14, 3, 23, 0, 218, 416, 181
1748840835, 2838, 2, 13, 3, 23, 0, 259, 510, 232
1748840836, 3148, 2, 13, 3, 23, 0, 250, 567, 251
1748840836, 3139, 4, 13, 2, 23, 0, 175, 393, 150
1748840836, 2524, 3, 13, 4, 24, 0, 318, 690, 249
1748840836, 4763, 3, 13, 4, 25, 0, 301, 540, 258
1748840836, 2492, 2, 13, 3, 22, 0, 238, 522, 220
1748840837, 3112, 3, 14, 3, 24, 0, 209, 465, 180
1748840837, 3425, 4, 13, 3, 25, 0, 280, 422, 204
1748840837, 2968, 4, 13, 3, 24, 0, 263, 586, 252
1748840837, 2557, 2, 13, 3, 22, 0, 250, 517, 236
1748840837, 2460, 3, 14, 3, 23, 0, 236, 527, 225
1748840838, 2545, 2, 13, 3, 22, 0, 244, 542, 226
1748840838, 2866, 2, 13, 3, 22, 0, 267, 494, 230
1748840838, 2358, 2, 13, 3, 21, 0, 252, 428, 185
1748840838, 3312, 3, 14, 4, 25, 0, 307, 666, 246
1748840838, 3029, 3, 14, 3, 25, 0, 287, 561, 231
1748840839, 2807, 3, 14, 4, 24, 0, 361, 615, 244
1748840839, 3013, 3, 14, 4, 25, 0, 307, 652, 242
1748840839, 2539, 4, 14, 3, 24, 0, 249, 475, 206
1748840839, 2750, 2, 14, 3, 22, 0, 231, 547, 199
1748840839, 3051, 3, 14, 4, 24, 0, 274, 642, 269
1748840840, 3022, 3, 13, 3, 24, 0, 267, 587, 227
1748840840, 3254, 3, 14, 3, 24, 0, 281, 476, 224
1748840840, 2512, 3, 13, 3, 23, 0, 238, 504, 195
1748840840, 2697, 2, 13, 3, 22, 0, 227, 477, 188
1748840840, 2327, 3, 13, 3, 23, 0, 242, 589, 248
1748840841, 2904, 3, 13, 3, 23, 0, 288, 401, 193
1748840841, 2945, 2, 13, 3, 22, 0, 190, 479, 188
1748840841, 2786, 2, 13, 4, 23, 0, 283, 616, 241
1748840841, 2714, 2, 13, 2, 21, 0, 170, 355, 165
1748840841, 3088, 3, 13, 4, 24, 0, 308, 618, 296
1748840842, 2910, 2, 13, 3, 22, 0, 243, 532, 202
1748840842, 2611, 2, 13, 4, 23, 0, 282, 631, 243
1748840842, 2775, 2, 13, 3, 22, 0, 214, 412, 206
1748840842, 2688, 2, 14, 3, 23, 0, 247, 484, 217
1748840842, 2866, 3, 13, 3, 24, 0, 271, 582, 228
1748840843, 5061, 3, 14, 3, 26, 0, 300, 465, 228
1748840843, 2679, 2, 13, 4, 23, 0, 307, 628, 246
1748840843, 2729, 3, 13, 2, 23, 0, 189, 406, 222
1748840843, 3009, 2, 13, 3, 22, 0, 252, 399, 185
1748840843, 3078, 3, 14, 4, 25, 0, 322, 593, 225
1748840844, 2509, 3, 14, 4, 24, 0, 350, 656, 262
1748840844, 3003, 2, 13, 3, 23, 0, 249, 526, 224
1748840844, 4198, 4, 14, 4, 27, 0, 275, 655, 298
1748840844, 3865, 2, 13, 3, 23, 0, 214, 499, 198
1748840844, 2602, 4, 15, 4, 26, 0, 330, 537, 270
1748840845, 3224, 3, 13, 3, 24, 0, 215, 638, 255
1748840845, 2476, 2, 15, 4, 25, 0, 277, 689, 317
1748840845, 2797, 4, 14, 3, 25, 0, 248, 583, 242
1748840845, 2470, 3, 14, 4, 23, 0, 270, 603, 217
1748840845, 2322, 3, 14, 3, 23, 0, 264, 543, 218
1748840846, 2409, 3, 13, 4, 23, 0, 252, 631, 243
1748840846, 2757, 4, 13, 3, 24, 0, 204, 437, 178
1748840846, 2966, 2, 13, 3, 22, 0, 235, 526, 211
1748840846, 2487, 2, 13, 3, 21, 0, 205, 449, 173
1748840846, 2935, 2, 13, 3, 23, 0, 266, 549, 230
1748840847, 2490, 3, 14, 3, 23, 0, 280, 484, 220
1748840847, 2692, 3, 14, 4, 24, 0, 299, 565, 227
1748840847, 2746, 2, 13, 3, 22, 0, 265, 406, 190
1748840847, 3198, 2, 14, 3, 22, 0, 226, 418, 216
1748840847, 2735, 3, 14, 4, 24, 0, 299, 587, 286
1748840848, 2621, 2, 13, 3, 22, 0, 292, 528, 248
1748840848, 3131, 2, 14, 4, 24, 0, 273, 577, 262
1748840848, 2427, 3, 14, 4, 23, 0, 326, 544, 232
1748840848, 3111, 3, 14, 3, 25, 0, 244, 550, 232
1748840848, 2773, 4, 14, 4, 26, 0, 386, 626, 249
1748840849, 3035, 3, 13, 3, 23, 0, 279, 533, 217
1748840849, 2645, 2, 14, 4, 23, 0, 375, 580, 203
1748840849, 2770, 2, 14, 4, 24, 0, 307, 592, 250
1748840849, 2552, 2, 14, 4, 23, 0, 332, 661, 214
1748840849, 1999, 2, 14, 3, 21, 0, 242, 432, 203
1748840850, 2445, 3, 14, 3, 23, 0, 297, 430, 233
1748840850, 2738, 3, 14, 4, 24, 0, 327, 590, 257
1748840850, 3134, 2, 14, 5, 25, 0, 381, 684, 351
1748840850, 2921, 4, 15, 4, 27, 0, 391, 727, 238
1748840850, 2758, 2, 14, 3, 22, 0, 268, 481, 211
1748840851, 3982, 3, 14, 4, 26, 0, 271, 652, 222
1748840851, 2567, 3, 15, 4, 25, 0, 423, 534, 236
1748840851, 2689, 3, 14, 3, 24, 0, 248, 521, 250
1748840851, 2717, 3, 14, 4, 24, 0, 279, 592, 234
1748840851, 8696, 4, 16, 6, 36, 0, 523, 875, 350
1748840852, 2527, 3, 13, 3, 22, 0, 223, 537, 169
1748840852, 2948, 3, 14, 4, 24, 0, 294, 571, 259
1748840852, 3047, 3, 13, 4, 24, 0, 312, 649, 235
1748840852, 2783, 2, 13, 3, 22, 0, 271, 473, 234
1748840852, 2448, 3, 13, 3, 22, 0, 255, 462, 202
1748840853, 3613, 2, 13, 3, 22, 0, 239, 485, 184
1748840853, 2640, 2, 13, 4, 23, 0, 315, 631, 252
1748840853, 2633, 3, 14, 3, 24, 0, 275, 571, 236
1748840853, 2729, 2, 14, 3, 23, 0, 268, 490, 206
1748840853, 2994, 3, 14, 5, 25, 0, 417, 754, 235
1748840854, 2633, 3, 13, 4, 24, 0, 401, 619, 223
1748840854, 2472, 3, 13, 6, 26, 0, 874, 713, 221
1748840854, 2685, 3, 14, 6, 26, 0, 453, 961, 264
1748840854, 2922, 3, 13, 4, 25, 0, 417, 615, 211
1748840854, 2520, 3, 14, 5, 25, 0, 481, 688, 236
1748840855, 3001, 3, 13, 7, 28, 0, 1033, 748, 346
1748840855, 2899, 3, 14, 5, 26, 0, 384, 817, 282
1748840855, 2381, 2, 14, 4, 24, 0, 296, 756, 259
1748840855, 3644, 4, 13, 3, 25, 0, 220, 551, 213
1748840855, 2929, 3, 13, 4, 24, 0, 351, 590, 255
1748840856, 2600, 3, 13, 3, 23, 0, 295, 555, 181
1748840856, 2716, 3, 13, 4, 24, 0, 343, 642, 176
1748840856, 2877, 4, 13, 6, 27, 0, 342, 1048, 461
1748840856, 3962, 3, 13, 4, 25, 0, 360, 675, 180
1748840856, 3443, 3, 13, 4, 25, 0, 422, 653, 246
1748840857, 3151, 2, 13, 5, 25, 0, 408, 904, 202
1748840857, 2483, 3, 13, 5, 25, 0, 422, 747, 242
1748840857, 2356, 2, 13, 4, 22, 0, 371, 591, 222
1748840857, 2728, 2, 13, 4, 23, 0, 418, 627, 216
1748840857, 2947, 3, 13, 5, 25, 0, 413, 819, 257
1748840858, 3532, 2, 13, 5, 25, 0, 551, 756, 222
1748840858, 3489, 2, 13, 5, 25, 0, 458, 887, 219
1748840858, 3134, 2, 13, 4, 23, 0, 321, 677, 260
1748840858, 2698, 3, 13, 4, 23, 0, 319, 568, 214
1748840858, 2317, 3, 13, 3, 22, 0, 308, 565, 197
1748840859, 2822, 2, 13, 4, 23, 0, 356, 683, 214
1748840859, 2752, 2, 13, 4, 23, 0, 384, 694, 213
1748840859, 2611, 3, 13, 4, 24, 0, 402, 657, 217
1748840859, 2955, 2, 13, 4, 24, 0, 506, 624, 246
1748840859, 3331, 2, 13, 4, 23, 0, 367, 589, 200
1748840860, 3066, 2, 13, 4, 23, 0, 359, 756, 221
1748840860, 2689, 3, 13, 5, 25, 0, 400, 710, 244
1748840860, 2484, 3, 14, 5, 25, 0, 870, 496, 294
1748840860, 3029, 3, 13, 5, 25, 0, 436, 755, 310
1748840860, 2775, 2, 13, 4, 24, 0, 464, 650, 193
1748840861, 3593, 3, 14, 6, 27, 0, 417, 894, 405
1748840861, 5187, 3, 14, 6, 29, 0, 594, 900, 275
1748840861, 3235, 3, 13, 4, 24, 0, 322, 652, 266
1748840861, 2360, 3, 13, 3, 22, 0, 214, 566, 208
1748840861, 2503, 2, 13, 3, 22, 0, 311, 476, 230
1748840862, 2198, 2, 14, 3, 22, 0, 218, 444, 219
1748840862, 2590, 4, 14, 4, 26, 0, 330, 646, 276
1748840862, 2521, 3, 13, 4, 24, 0, 245, 680, 303
1748840862, 2485, 3, 13, 3, 22, 0, 215, 416, 216
1748840862, 2579, 3, 14, 4, 24, 0, 292, 673, 214
1748840863, 2799, 3, 14, 5, 26, 0, 338, 764, 300
1748840863, 2659, 2, 13, 3, 22, 0, 242, 467, 221
1748840863, 2725, 2, 14, 3, 22, 0, 248, 495, 224
1748840863, 2137, 2, 14, 3, 22, 0, 219, 462, 180
1748840863, 2870, 3, 14, 3, 23, 0, 241, 584, 243
1748840864, 2838, 2, 13, 3, 22, 0, 226, 416, 181
1748840864, 3377, 2, 14, 4, 23, 0, 260, 591, 249
1748840864, 2567, 2, 14, 3, 22, 0, 218, 412, 202
1748840864, 2669, 4, 13, 3, 24, 0, 262, 542, 199
1748840864, 2763, 2, 13, 3, 21, 0, 194, 449, 226
1748840865, 2595, 3, 14, 7, 28, 0, 434, 1168, 479
1748840865, 4739, 2, 13, 3, 24, 0, 256, 520, 218
1748840865, 3426, 2, 13, 4, 24, 0, 417, 577, 262
1748840865, 2893, 2, 13, 4, 24, 0, 579, 529, 206
1748840865, 3044, 2, 14, 5, 25, 0, 546, 741, 250
1748840866, 3714, 3, 13, 5, 26, 0, 470, 643, 322
1748840866, 3263, 3, 14, 5, 26, 0, 424, 770, 291
1748840866, 3179, 2, 14, 5, 25, 0, 542, 678, 225
1748840866, 2842, 3, 13, 6, 25, 0, 495, 886, 317
1748840866, 2541, 3, 13, 4, 23, 0, 443, 538, 184
1748840867, 2499, 4, 14, 5, 27, 0, 460, 851, 209
1748840867, 3223, 2, 13, 5, 25, 0, 524, 710, 210
1748840867, 3366, 2, 14, 6, 26, 0, 711, 635, 188
1748840867, 2339, 3, 14, 6, 26, 0, 525, 901, 269
1748840867, 5080, 2, 15, 6, 29, 0, 670, 951, 193
1748840868, 2810, 4, 13, 7, 29, 0, 877, 843, 248
1748840868, 3588, 2, 13, 5, 25, 0, 592, 727, 200
1748840868, 2682, 2, 13, 6, 25, 0, 656, 797, 195
1748840868, 2666, 3, 13, 7, 27, 0, 791, 826, 166
1748840868, 2698, 3, 14, 6, 27, 0, 781, 865, 239
1748840869, 2600, 3, 14, 8, 29, 0, 1276, 910, 201
1748840869, 2506, 3, 14, 6, 27, 0, 814, 760, 231
1748840869, 2748, 3, 14, 7, 28, 0, 1091, 805, 248
1748840869, 2717, 2, 13, 6, 25, 0, 733, 761, 209
1748840869, 2368, 2, 13, 7, 25, 0, 739, 914, 277
1748840870, 6734, 2, 14, 6, 30, 0, 809, 830, 267
1748840870, 2730, 3, 14, 9, 29, 0, 1200, 997, 286
1748840870, 5981, 5, 15, 11, 38, 0, 1517, 1239, 404
1748840870, 2861, 3, 14, 6, 26, 0, 718, 730, 231
1748840870, 2807, 2, 13, 6, 25, 0, 933, 661, 201
1748840871, 2386, 3, 14, 8, 28, 0, 881, 1158, 281
1748840871, 2750, 3, 14, 8, 28, 0, 1306, 970, 257
1748840871, 3054, 3, 14, 8, 29, 0, 1048, 1086, 298
1748840871, 2883, 4, 14, 9, 30, 0, 1317, 1006, 313
1748840871, 2408, 2, 14, 6, 25, 0, 899, 672, 204
1748840872, 3158, 3, 14, 7, 28, 0, 858, 914, 221
1748840872, 3505, 3, 14, 7, 28, 0, 819, 945, 286
1748840872, 3209, 3, 14, 5, 27, 0, 697, 693, 288
1748840872, 3033, 2, 14, 4, 24, 0, 607, 508, 169
1748840872, 3267, 3, 14, 6, 27, 0, 816, 791, 296
1748840873, 3174, 2, 14, 6, 26, 0, 687, 801, 193
1748840873, 2635, 2, 13, 5, 24, 0, 775, 627, 222
1748840873, 3244, 2, 14, 6, 26, 0, 1059, 585, 212
1748840873, 2876, 3, 14, 7, 28, 0, 849, 939, 315
1748840873, 3383, 2, 14, 6, 26, 0, 790, 675, 230
1748840874, 2691, 2, 14, 6, 26, 0, 809, 795, 231
1748840874, 2454, 4, 14, 6, 27, 0, 883, 711, 209
1748840874, 3110, 2, 14, 7, 27, 0, 904, 877, 269
1748840874, 2634, 2, 13, 7, 26, 0, 893, 902, 225
1748840874, 2571, 3, 13, 8, 27, 0, 1016, 872, 187
1748840875, 3161, 2, 14, 8, 29, 0, 1208, 939, 181
1748840875, 2674, 2, 13, 7, 26, 0, 982, 812, 217
1748840875, 2717, 2, 14, 8, 29, 0, 1161, 942, 239
1748840875, 3149, 2, 14, 9, 30, 0, 1268, 1088, 262
1748840875, 2755, 3, 14, 7, 27, 0, 1055, 706, 242
1748840876, 2460, 3, 14, 8, 28, 0, 1268, 843, 334
1748840876, 2666, 3, 13, 9, 29, 0, 1439, 884, 271
1748840876, 3024, 3, 14, 11, 32, 0, 1863, 983, 366
1748840876, 2708, 3, 14, 10, 30, 0, 1689, 851, 212
1748840876, 3438, 2, 14, 9, 29, 0, 1396, 1082, 285
1748840877, 4264, 2, 14, 9, 31, 0, 1541, 747, 185
1748840877, 2729, 2, 14, 9, 29, 0, 1487, 875, 251
1748840877, 2852, 2, 14, 8, 28, 0, 1352, 846, 344
1748840877, 2685, 4, 14, 9, 31, 0, 1355, 944, 315
1748840877, 3351, 2, 13, 8, 27, 0, 1206, 916, 209
1748840878, 2701, 3, 13, 8, 28, 0, 1160, 871, 276
1748840878, 3090, 3, 14, 7, 27, 0, 1118, 738, 198
1748840878, 2720, 2, 13, 7, 26, 0, 1026, 716, 212
1748840878, 3077, 3, 13, 8, 28, 0, 1312, 789, 239
1748840878, 3206, 2, 13, 7, 27, 0, 1204, 672, 188
1748840879, 3058, 2, 13, 7, 27, 0, 1194, 673, 197
1748840879, 2788, 4, 14, 7, 29, 0, 1079, 853, 247
1748840879, 3217, 3, 13, 8, 28, 0, 1218, 839, 256
1748840879, 2798, 3, 14, 7, 27, 0, 1180, 800, 193
1748840879, 2693, 3, 14, 9, 29, 0, 1376, 979, 314
1748840880, 2985, 3, 13, 10, 30, 0, 1561, 1137, 294
1748840880, 2866, 2, 13, 10, 29, 0, 1654, 867, 356
1748840880, 3075, 3, 13, 8, 29, 0, 1387, 758, 244
1748840880, 2832, 3, 13, 8, 28, 0, 1271, 690, 209
1748840880, 2699, 3, 13, 9, 30, 0, 1901, 821, 245
1748840881, 2774, 3, 13, 7, 27, 0, 991, 817, 226
1748840881, 3336, 2, 13, 8, 28, 0, 1333, 895, 198
1748840881, 3049, 2, 13, 8, 27, 0, 1072, 894, 211
1748840881, 2528, 2, 13, 8, 26, 0, 1034, 908, 222
1748840881, 2815, 4, 13, 9, 29, 0, 1048, 1138, 324
1748840882, 2366, 2, 13, 7, 25, 0, 1055, 738, 204
1748840882, 2595, 3, 13, 7, 27, 0, 1040, 777, 227
1748840882, 3122, 4, 13, 7, 29, 0, 1161, 769, 200
1748840882, 2845, 3, 13, 9, 29, 0, 1215, 1028, 214
1748840882, 2623, 2, 14, 8, 28, 0, 1389, 743, 218
1748840883, 6861, 4, 14, 8, 33, 0, 1163, 821, 251
1748840883, 3050, 2, 13, 8, 28, 0, 1195, 860, 196
1748840883, 3049, 2, 13, 9, 28, 0, 1448, 812, 336
1748840883, 3365, 4, 14, 8, 30, 0, 1050, 1022, 402
1748840883, 3849, 2, 13, 9, 29, 0, 1266, 958, 359
1748840884, 3993, 3, 14, 8, 29, 0, 907, 1026, 261
1748840884, 2463, 2, 13, 7, 26, 0, 968, 827, 253
1748840884, 2930, 2, 13, 6, 25, 0, 886, 610, 194
1748840884, 5282, 3, 13, 6, 29, 0, 838, 758, 252
1748840884, 2524, 3, 13, 7, 26, 0, 1095, 795, 235
1748840885, 3122, 3, 14, 8, 28, 0, 1097, 940, 287
1748840885, 2659, 3, 14, 6, 27, 0, 944, 728, 252
1748840885, 2566, 3, 13, 6, 26, 0, 933, 628, 220
1748840885, 2498, 3, 13, 6, 26, 0, 959, 643, 213
1748840885, 2765, 2, 13, 7, 26, 0, 1028, 732, 216
1748840886, 3960, 3, 14, 7, 29, 0, 935, 967, 311
1748840886, 2345, 3, 14, 6, 26, 0, 983, 760, 205
1748840886, 2820, 2, 13, 6, 25, 0, 953, 590, 195
1748840886, 2231, 3, 13, 6, 26, 0, 867, 700, 246
1748840886, 2653, 2, 14, 7, 27, 0, 1121, 774, 233
1748840887, 2557, 3, 14, 8, 27, 0, 1189, 800, 291
1748840887, 3199, 3, 14, 8, 28, 0, 1210, 911, 220
1748840887, 2424, 2, 14, 6, 25, 0, 881, 674, 189
1748840887, 2351, 3, 13, 7, 26, 0, 1093, 790, 217
1748840887, 2890, 3, 14, 9, 30, 0, 1762, 891, 279
1748840888, 2739, 2, 13, 7, 26, 0, 957, 724, 194
1748840888, 3171, 3, 14, 6, 27, 0, 897, 631, 325
1748840888, 2925, 3, 14, 5, 26, 0, 701, 680, 266
1748840888, 2721, 2, 13, 5, 24, 0, 742, 643, 200
1748840888, 2891, 2, 13, 5, 24, 0, 645, 606, 207
1748840889, 2826, 3, 13, 8, 29, 0, 1182, 841, 468
1748840889, 2460, 2, 13, 7, 26, 0, 840, 922, 284
1748840889, 2545, 3, 13, 7, 27, 0, 1012, 823, 217
1748840889, 3238, 2, 14, 6, 26, 0, 813, 703, 238
1748840889, 2759, 3, 14, 6, 26, 0, 770, 806, 189
1748840890, 2457, 3, 14, 7, 27, 0, 1042, 784, 278
1748840890, 3625, 2, 14, 6, 27, 0, 864, 744, 237
1748840890, 2335, 3, 13, 6, 26, 0, 741, 730, 222
1748840890, 2556, 2, 13, 6, 25, 0, 758, 814, 212
1748840890, 2701, 3, 14, 7, 27, 0, 1107, 748, 245
1748840891, 2883, 3, 14, 6, 27, 0, 868, 860, 247
1748840891, 2272, 3, 13, 6, 26, 0, 939, 606, 225
1748840891, 3164, 2, 14, 7, 26, 0, 1233, 567, 211
1748840891, 2620, 3, 14, 6, 26, 0, 954, 560, 235
1748840891, 2940, 3, 14, 6, 28, 0, 1258, 475, 187
1748840892, 2375, 3, 13, 7, 26, 0, 1015, 771, 258
1748840892, 3586, 3, 14, 8, 30, 0, 1200, 979, 245
1748840892, 2321, 3, 14, 10, 30, 0, 1454, 852, 436
1748840892, 5463, 3, 14, 8, 30, 0, 1295, 740, 276
1748840892, 3020, 2, 13, 7, 27, 0, 1331, 654, 188
1748840893, 2888, 3, 14, 9, 30, 0, 1618, 754, 204
1748840893, 2493, 4, 14, 10, 31, 0, 1942, 847, 283
1748840893, 2946, 3, 15, 9, 31, 0, 1163, 1020, 335
1748840893, 2377, 2, 14, 7, 26, 0, 1211, 627, 211
1748840893, 5614, 2, 13, 7, 29, 0, 1161, 662, 200
1748840894, 3328, 4, 14, 8, 30, 0, 1138, 889, 359
1748840894, 2342, 3, 14, 7, 28, 0, 1258, 789, 268
1748840894, 2668, 2, 14, 8, 28, 0, 1228, 877, 221
1748840894, 2404, 3, 14, 10, 30, 0, 1773, 891, 274
1748840894, 2682, 2, 14, 7, 27, 0, 1068, 689, 199
1748840895, 2884, 3, 14, 8, 28, 0, 1202, 854, 253
1748840895, 2813, 3, 14, 8, 29, 0, 1424, 875, 258
1748840895, 3695, 3, 14, 7, 29, 0, 1068, 790, 300
1748840895, 2376, 2, 14, 6, 25, 0, 1065, 619, 203
1748840895, 2673, 3, 15, 10, 32, 0, 1797, 1106, 381
1748840896, 6770, 3, 14, 8, 33, 0, 1241, 786, 225
1748840896, 2316, 3, 14, 8, 28, 0, 1421, 867, 228
1748840896, 2828, 3, 14, 8, 29, 0, 1272, 753, 268
1748840896, 2408, 3, 14, 9, 29, 0, 1297, 1197, 269
1748840896, 2572, 3, 14, 8, 29, 0, 1236, 894, 216
1748840897, 2936, 2, 14, 9, 29, 0, 1509, 770, 197
1748840897, 2389, 2, 13, 10, 29, 0, 1383, 1093, 371
1748840897, 2531, 4, 15, 9, 32, 0, 1554, 880, 271
1748840897, 2590, 3, 14, 9, 30, 0, 1085, 1118, 378
1748840897, 3025, 2, 14, 8, 28, 0, 1275, 714, 206
1748840898, 2670, 3, 15, 7, 28, 0, 1078, 718, 213
1748840898, 2801, 2, 14, 8, 28, 0, 1336, 876, 219
1748840898, 3101, 2, 14, 8, 28, 0, 1368, 800, 237
1748840898, 2442, 2, 14, 7, 26, 0, 1138, 743, 192
1748840898, 3243, 2, 13, 7, 27, 0, 1214, 777, 204
1748840899, 2663, 3, 14, 9, 30, 0, 1649, 819, 189
1748840899, 2921, 3, 14, 6, 27, 0, 1052, 750, 207
1748840899, 2688, 2, 14, 7, 27, 0, 1299, 658, 229
1748840899, 2503, 3, 14, 5, 25, 0, 838, 584, 160
1748840899, 2189, 3, 14, 8, 28, 0, 1464, 790, 306
1748840900, 2868, 2, 13, 7, 26, 0, 1312, 577, 189
1748840900, 2841, 2, 13, 6, 26, 0, 1048, 621, 191
1748840900, 3375, 3, 14, 7, 28, 0, 1128, 701, 259
1748840900, 2951, 3, 13, 7, 28, 0, 1400, 682, 230
1748840900, 3076, 2, 13, 7, 27, 0, 1141, 728, 197
1748840901, 2831, 3, 14, 6, 27, 0, 815, 900, 267
1748840901, 6109, 3, 13, 7, 31, 0, 1258, 743, 254
1748840901, 2558, 2, 13, 5, 24, 0, 716, 671, 174
1748840901, 2376, 2, 13, 4, 23, 0, 720, 419, 205
1748840901, 2494, 4, 14, 5, 26, 0, 674, 637, 217
1748840902, 2426, 3, 13, 6, 26, 0, 776, 719, 291
1748840902, 2424, 2, 13, 5, 24, 0, 845, 556, 172
1748840902, 3132, 2, 13, 6, 25, 0, 756, 680, 244
1748840902, 3228, 3, 14, 6, 27, 0, 914, 645, 229
1748840902, 2225, 3, 13, 5, 24, 0, 699, 640, 239
1748840903, 3181, 2, 14, 5, 25, 0, 871, 569, 231
1748840903, 2920, 2, 14, 6, 26, 0, 797, 773, 200
1748840903, 3560, 3, 13, 5, 26, 0, 650, 598, 294
1748840903, 3049, 2, 13, 5, 24, 0, 829, 530, 231
1748840903, 3621, 3, 13, 5, 25, 0, 723, 468, 180
1748840904, 2702, 3, 14, 5, 25, 0, 622, 551, 283
1748840904, 3000, 2, 13, 4, 24, 0, 629, 498, 211
1748840904, 3326, 3, 14, 5, 26, 0, 566, 754, 222
1748840904, 3235, 2, 14, 5, 26, 0, 677, 678, 223
1748840904, 2636, 4, 13, 5, 26, 0, 638, 603, 215
1748840905, 3667, 3, 14, 4, 26, 0, 579, 535, 253
1748840905, 4109, 3, 14, 6, 28, 0, 743, 684, 246
1748840905, 2877, 3, 14, 5, 25, 0, 653, 622, 239
1748840905, 2883, 4, 14, 5, 27, 0, 832, 542, 246
1748840905, 2443, 2, 13, 6, 24, 0, 766, 666, 243
1748840906, 3167, 2, 14, 8, 28, 0, 867, 1036, 358
1748840906, 2527, 4, 13, 5, 26, 0, 735, 516, 200
1748840906, 2698, 3, 13, 6, 26, 0, 844, 674, 243
1748840906, 2601, 2, 13, 5, 24, 0, 778, 473, 217
1748840906, 2663, 3, 14, 6, 27, 0, 895, 647, 230
1748840907, 2499, 3, 13, 5, 25, 0, 650, 657, 315
1748840907, 2845, 3, 13, 5, 24, 0, 596, 657, 206
1748840907, 4272, 3, 14, 8, 30, 0, 704, 1394, 537
1748840907, 4360, 4, 14, 8, 31, 0, 851, 999, 436
1748840907, 4101, 3, 13, 5, 27, 0, 648, 652, 258
1748840908, 2622, 2, 14, 4, 24, 0, 663, 511, 195
1748840908, 2555, 4, 13, 5, 26, 0, 581, 772, 268
1748840908, 2590, 2, 14, 5, 24, 0, 608, 597, 239
1748840908, 2611, 3, 13, 5, 24, 0, 708, 575, 183
1748840908, 2729, 3, 13, 7, 27, 0, 771, 1048, 331
1748840909, 3291, 2, 13, 5, 25, 0, 818, 594, 181
1748840909, 3034, 3, 13, 6, 26, 0, 747, 725, 250
1748840909, 3684, 3, 13, 6, 27, 0, 759, 671, 254
1748840909, 2801, 2, 13, 7, 25, 0, 860, 759, 192
1748840909, 2924, 2, 13, 6, 25, 0, 690, 714, 209
1748840910, 2598, 2, 13, 7, 26, 0, 823, 849, 223
1748840910, 2750, 3, 13, 7, 27, 0, 703, 1029, 380
1748840910, 2763, 3, 13, 6, 27, 0, 653, 960, 239
1748840910, 2903, 2, 13, 5, 24, 0, 646, 672, 178
1748840910, 2479, 3, 13, 5, 26, 0, 610, 793, 242
1748840911, 2888, 3, 13, 5, 25, 0, 708, 641, 190
1748840911, 2594, 2, 13, 6, 26, 0, 979, 725, 260
1748840911, 2736, 3, 13, 6, 26, 0, 877, 712, 217
1748840911, 3089, 3, 13, 7, 27, 0, 1046, 789, 249
1748840911, 3172, 3, 14, 7, 28, 0, 902, 894, 372
1748840912, 2261, 3, 13, 6, 25, 0, 822, 692, 224
1748840912, 2679, 3, 13, 7, 26, 0, 739, 967, 292
1748840912, 4751, 3, 14, 10, 33, 0, 1274, 1160, 426
1748840912, 2525, 3, 13, 6, 25, 0, 797, 710, 295
1748840912, 2545, 3, 13, 7, 26, 0, 978, 654, 311
1748840913, 2699, 2, 13, 7, 27, 0, 912, 962, 247
1748840913, 2813, 3, 13, 6, 26, 0, 873, 681, 246
1748840913, 2560, 2, 13, 8, 27, 0, 869, 1084, 381
1748840913, 4295, 3, 13, 6, 27, 0, 797, 693, 228
1748840913, 2437, 3, 13, 8, 27, 0, 1340, 910, 264
1748840914, 3026, 2, 13, 6, 25, 0, 896, 699, 233
1748840914, 3286, 2, 13, 7, 26, 0, 877, 878, 314
1748840914, 3161, 2, 13, 7, 26, 0, 795, 913, 336
1748840914, 2834, 2, 13, 7, 27, 0, 857, 935, 331
1748840914, 2548, 3, 13, 7, 27, 0, 751, 989, 508
1748840915, 2423, 3, 13, 6, 25, 0, 717, 750, 362
1748840915, 6747, 3, 13, 6, 30, 0, 648, 823, 283
1748840915, 2692, 2, 13, 6, 25, 0, 709, 785, 272
1748840915, 3189, 2, 13, 7, 26, 0, 814, 859, 268
1748840915, 2440, 2, 13, 4, 24, 0, 516, 633, 211
1748840916, 2828, 3, 13, 4, 24, 0, 511, 652, 195
1748840916, 2201, 3, 13, 5, 24, 0, 476, 746, 222
1748840916, 2892, 3, 13, 5, 25, 0, 506, 708, 300
1748840916, 2420, 2, 13, 4, 23, 0, 583, 628, 185
1748840917, 3518, 4, 14, 6, 28, 800.025, 690, 785, 247
1748840919, 3736, 4, 14, 6, 30, 799.882, 706, 893, 273
1748840919, 2922, 3, 13, 7, 27, 599.835, 940, 724, 252
1748840920, 3345, 4, 14, 6, 29, 800.071, 674, 818, 293
1748840920, 2240, 3, 13, 6, 25, 0, 703, 722, 196
1748840922, 2435, 3, 13, 7, 26, 800.131, 796, 876, 268
1748840923, 3550, 2, 14, 8, 28, 799.989, 960, 873, 376
1748840924, 5338, 2, 14, 5, 27, 999.977, 501, 726, 244
1748840924, 3206, 3, 13, 7, 27, 800.032, 631, 944, 312
1748840925, 2489, 3, 14, 8, 28, 799.974, 608, 1151, 398
1748840926, 3440, 3, 13, 4, 25, 600.026, 256, 660, 278
1748840927, 2716, 3, 13, 3, 24, 800.047, 235, 552, 264
1748840927, 2534, 3, 13, 3, 22, 399.97, 182, 437, 152
1748840928, 2919, 4, 13, 5, 26, 800.078, 279, 813, 315
1748840929, 3815, 3, 13, 5, 27, 1000, 405, 813, 271
1748840930, 3032, 2, 13, 4, 23, 399.951, 244, 608, 239
1748840930, 2800, 4, 13, 4, 25, 599.97, 207, 584, 252
1748840930, 3061, 3, 13, 3, 23, 0, 159, 588, 222
1748840931, 3971, 2, 13, 2, 23, 800.021, 153, 429, 188
1748840931, 3553, 2, 13, 4, 24, 200.01, 262, 601, 236
1748840932, 3143, 3, 13, 4, 25, 599.779, 247, 729, 294
1748840933, 4609, 4, 13, 4, 27, 400.003, 288, 723, 244
1748840933, 5298, 3, 13, 3, 25, 200.004, 205, 584, 278
1748840933, 2728, 3, 13, 5, 25, 200.006, 291, 880, 341
1748840934, 2901, 5, 13, 3, 25, 799.91, 162, 571, 206
1748840934, 3287, 3, 13, 3, 24, 400.05, 206, 562, 223
1748840934, 3152, 3, 13, 3, 24, 199.952, 197, 678, 212
1748840935, 9657, 3, 14, 3, 31, 799.98, 238, 537, 217
1748840936, 3144, 4, 13, 4, 25, 799.874, 238, 678, 240
1748840936, 3592, 3, 13, 3, 24, 600.087, 211, 512, 198
1748840937, 2522, 3, 13, 4, 24, 599.967, 366, 669, 227
1748840937, 3927, 2, 13, 2, 23, 0, 196, 429, 190
1748840938, 2309, 2, 13, 3, 21, 0, 195, 489, 221
1748840938, 3096, 3, 14, 4, 25, 599.988, 280, 724, 279
1748840938, 3027, 2, 13, 3, 23, 200.018, 232, 518, 197
1748840938, 2888, 2, 13, 3, 22, 0, 250, 517, 178
1748840939, 3021, 2, 13, 3, 22, 599.877, 227, 438, 206
1748840940, 2782, 2, 13, 3, 21, 199.818, 201, 454, 203
1748840940, 2969, 4, 13, 4, 26, 600.026, 300, 551, 265
1748840941, 2463, 2, 13, 4, 23, 600.041, 367, 651, 282
1748840942, 2253, 2, 12, 2, 19, 199.987, 135, 300, 145
1748840942, 2385, 2, 14, 4, 23, 600.086, 287, 618, 249
1748840943, 3823, 2, 13, 3, 23, 199.985, 197, 561, 249
1748840943, 3068, 3, 14, 4, 25, 399.994, 247, 638, 232
1748840944, 3077, 4, 14, 3, 24, 599.909, 191, 514, 195
1748840945, 2305, 2, 13, 4, 23, 600.056, 252, 638, 273
1748840945, 2714, 4, 13, 4, 24, 399.906, 282, 571, 266
1748840945, 2677, 3, 13, 5, 25, 199.954, 369, 957, 322
1748840945, 3051, 4, 13, 4, 25, 200.05, 310, 626, 329
1748840946, 2959, 3, 13, 3, 23, 599.986, 282, 554, 159
1748840947, 4470, 3, 14, 3, 25, 599.999, 215, 536, 220
1748840947, 2714, 3, 14, 3, 23, 599.909, 273, 506, 224
1748840947, 2620, 3, 13, 4, 23, 0, 301, 528, 256
1748840947, 2879, 3, 13, 3, 22, 0, 222, 419, 205
1748840948, 2805, 3, 13, 4, 23, 0, 299, 534, 262
1748840949, 2815, 5, 14, 4, 26, 599.992, 265, 612, 273
1748840949, 3055, 2, 13, 3, 22, 0, 232, 492, 212
1748840949, 2969, 3, 13, 3, 23, 600.002, 210, 459, 224
1748840950, 3100, 2, 14, 5, 25, 400, 508, 700, 242
1748840950, 3577, 3, 13, 3, 24, 399.99, 269, 552, 220
1748840951, 3298, 3, 13, 3, 24, 400.067, 267, 533, 220
1748840951, 2744, 3, 13, 3, 23, 399.916, 215, 510, 239
1748840952, 4801, 3, 13, 5, 26, 400.048, 400, 712, 252
1748840952, 3260, 3, 13, 5, 25, 0, 351, 807, 293
1748840952, 2556, 3, 13, 4, 23, 0, 341, 619, 238
1748840953, 3519, 3, 13, 5, 25, 599.996, 388, 679, 212
1748840953, 2143, 2, 13, 4, 23, 199.964, 461, 603, 236
1748840954, 2493, 2, 13, 5, 23, 399.986, 482, 625, 249
1748840954, 2671, 2, 13, 3, 21, 199.98, 294, 437, 149
1748840954, 2721, 2, 13, 4, 23, 0, 443, 632, 236
1748840955, 2660, 4, 14, 5, 27, 399.997, 500, 793, 284
1748840955, 2488, 4, 13, 5, 26, 0, 683, 591, 205
1748840955, 2567, 3, 13, 4, 25, 600.012, 320, 750, 253
1748840956, 2233, 4, 14, 4, 24, 400.073, 312, 555, 224
1748840956, 3297, 3, 13, 3, 24, 399.957, 272, 566, 245
1748840957, 2140, 2, 14, 4, 23, 400.006, 325, 609, 251
1748840957, 2500, 3, 14, 5, 25, 0, 367, 747, 262
1748840958, 4463, 5, 14, 10, 34, 599.863, 702, 1546, 654
1748840958, 4850, 3, 14, 6, 29, 200.03, 475, 880, 210
1748840958, 3011, 4, 14, 4, 26, 599.933, 337, 672, 237
1748840959, 2811, 2, 13, 4, 24, 200.164, 365, 674, 212
1748840959, 2537, 2, 14, 4, 24, 199.974, 414, 639, 220
1748840959, 2682, 4, 13, 4, 25, 0, 378, 695, 177
1748840960, 2629, 4, 14, 3, 25, 199.908, 265, 534, 163
1748840960, 3226, 3, 13, 5, 26, 399.914, 507, 760, 280
1748840961, 8870, 4, 14, 7, 35, 199.887, 473, 1109, 462
1748840961, 2854, 2, 13, 5, 25, 199.947, 522, 647, 281
1748840961, 2997, 4, 14, 4, 27, 599.981, 373, 741, 210
1748840962, 3095, 4, 14, 8, 31, 600.144, 710, 1319, 395
1748840962, 3040, 2, 13, 5, 24, 0, 572, 567, 275
1748840963, 2807, 2, 13, 6, 25, 600.022, 713, 734, 231
1748840964, 2589, 2, 13, 4, 23, 199.908, 421, 651, 211
1748840964, 3471, 3, 13, 7, 28, 600.125, 609, 1165, 442
1748840964, 3653, 3, 14, 7, 29, 399.959, 517, 1183, 480
1748840965, 2105, 2, 14, 6, 25, 399.844, 621, 878, 273
1748840965, 3359, 3, 14, 6, 27, 600.08, 625, 929, 298
1748840965, 3392, 3, 14, 6, 27, 200.066, 698, 883, 241
1748840966, 3102, 3, 13, 5, 26, 399.985, 475, 772, 269
1748840966, 2488, 3, 13, 6, 26, 400.001, 713, 812, 235
1748840966, 3078, 2, 14, 5, 25, 0, 528, 819, 206
1748840967, 2791, 2, 13, 6, 24, 0, 671, 770, 213
1748840967, 3245, 3, 13, 6, 26, 0, 773, 763, 197
1748840967, 2578, 3, 13, 5, 24, 0, 432, 786, 198
1748840967, 2621, 3, 13, 5, 25, 0, 475, 710, 220
1748840967, 2741, 2, 13, 4, 23, 0, 449, 555, 164
1748840968, 2979, 3, 13, 7, 27, 0, 487, 1205, 513
1748840968, 3725, 2, 13, 5, 24, 0, 392, 641, 227
1748840969, 5049, 3, 14, 5, 28, 400.127, 402, 817, 258
1748840969, 2467, 2, 13, 5, 24, 200, 476, 687, 243
1748840969, 3275, 3, 13, 5, 25, 199.995, 362, 820, 247
1748840969, 2560, 2, 14, 4, 23, 0, 377, 561, 203
1748840970, 3374, 2, 14, 5, 25, 199.986, 481, 668, 216
1748840970, 3247, 3, 14, 5, 25, 600.027, 383, 825, 227
1748840971, 2682, 5, 13, 5, 27, 600.146, 369, 835, 282
1748840971, 2710, 2, 13, 3, 22, 199.855, 239, 522, 197
1748840971, 2570, 3, 14, 4, 24, 400.148, 352, 683, 271
1748840972, 2150, 3, 15, 5, 26, 199.84, 455, 692, 275
1748840972, 2837, 3, 13, 5, 25, 0, 397, 716, 215
1748840972, 2812, 2, 13, 6, 26, 0, 498, 965, 314
1748840973, 2628, 3, 14, 3, 24, 399.94, 290, 466, 215
1748840973, 2828, 3, 13, 5, 24, 0, 385, 712, 247
1748840973, 4716, 5, 14, 5, 29, 400.003, 436, 699, 259
1748840974, 5155, 3, 14, 6, 30, 599.974, 553, 948, 298
1748840974, 3010, 3, 13, 5, 25, 200.008, 542, 595, 237
1748840975, 3337, 4, 14, 5, 27, 399.983, 497, 746, 205
1748840975, 3181, 2, 14, 7, 27, 199.99, 869, 861, 228
1748840975, 2772, 3, 13, 5, 25, 200.011, 668, 713, 185
1748840976, 4527, 5, 13, 4, 28, 400.103, 591, 553, 200
1748840976, 1949, 2, 13, 5, 23, 199.987, 634, 557, 167
1748840977, 3077, 3, 14, 6, 27, 599.993, 691, 771, 230
1748840977, 2888, 2, 13, 7, 26, 199.934, 937, 703, 257
1748840977, 2281, 2, 13, 6, 25, 200.029, 785, 833, 213
1748840977, 2874, 3, 14, 8, 29, 199.999, 1020, 1103, 360
1748840977, 2415, 3, 13, 5, 25, 199.947, 662, 746, 232
1748840978, 3349, 2, 13, 4, 24, 600.04, 528, 573, 180
1748840978, 2886, 3, 13, 6, 26, 199.818, 713, 687, 229
1748840978, 2250, 3, 13, 5, 24, 200.004, 498, 661, 251
1748840979, 3545, 3, 13, 6, 26, 199.993, 725, 825, 264
1748840979, 4796, 4, 13, 9, 31, 200.008, 906, 1077, 333
1748840979, 2481, 3, 13, 6, 25, 199.827, 638, 873, 233
1748840980, 3015, 4, 14, 5, 26, 600.151, 512, 649, 236
1748840981, 2682, 2, 13, 4, 24, 399.935, 529, 643, 201
1748840981, 3208, 4, 13, 4, 26, 0, 662, 457, 165
1748840981, 3673, 3, 13, 8, 29, 599.912, 596, 1132, 628
1748840982, 2729, 3, 13, 4, 25, 400.06, 534, 627, 229
1748840982, 3212, 4, 13, 5, 26, 399.956, 672, 618, 214
1748840983, 4979, 2, 13, 5, 26, 600.133, 519, 705, 183
1748840983, 3345, 3, 13, 5, 26, 399.817, 460, 786, 281
1748840983, 2028, 2, 13, 3, 21, 200.049, 306, 525, 170
1748840984, 2526, 2, 13, 6, 25, 599.849, 568, 919, 250
1748841014, 16483, 13, 26, 22, 79, 0, 1963, 3387, 934
1748841015, 6180, 4, 19, 32, 63, 0, 2302, 5612, 975
1748841015, 5659, 5, 19, 25, 56, 0, 1662, 4675, 637
1748841016, 6258, 6, 19, 31, 64, 0, 2052, 5563, 1190
1748841016, 6521, 5, 19, 27, 58, 0, 1953, 4742, 574
1748841017, 3550, 6, 20, 21, 52, 0, 2157, 3442, 370
1748841017, 3668, 4, 17, 15, 40, 0, 1100, 2513, 740
1748841018, 7591, 5, 16, 13, 42, 0, 1862, 1418, 527
1748841018, 2956, 3, 16, 13, 36, 0, 1785, 1597, 481
1748841019, 4285, 4, 22, 25, 56, 0, 3215, 2495, 1694
1748841019, 13152, 3, 18, 13, 49, 0, 1411, 1462, 747
1748841020, 10996, 5, 17, 13, 47, 0, 1593, 1580, 611
1748841020, 4129, 4, 17, 10, 36, 0, 1495, 949, 338
1748841021, 3787, 7, 15, 14, 41, 0, 1512, 1832, 587
1748841021, 4272, 4, 20, 18, 48, 0, 1446, 2645, 947
1748841022, 5057, 8, 15, 12, 41, 0, 1567, 1364, 633
1748841022, 5697, 4, 15, 8, 34, 0, 863, 1085, 349
1748841023, 6850, 5, 17, 10, 39, 0, 914, 1271, 590
1748841023, 4607, 6, 20, 9, 41, 0, 1016, 1190, 484
1748841024, 5061, 5, 17, 10, 38, 0, 863, 1446, 620
1748841024, 3053, 3, 13, 4, 25, 0, 424, 683, 236
1748841025, 3013, 3, 13, 6, 26, 0, 609, 894, 355
1748841025, 3389, 2, 14, 6, 27, 0, 620, 783, 258
1748841026, 2963, 2, 14, 4, 24, 0, 474, 599, 230
1748841026, 2459, 3, 13, 6, 26, 0, 607, 877, 372
1748841027, 2489, 3, 14, 6, 26, 0, 759, 790, 260
1748841027, 2449, 3, 14, 5, 25, 0, 596, 761, 246
1748841028, 2618, 3, 14, 10, 31, 0, 1785, 977, 368
1748841028, 2115, 2, 14, 7, 26, 0, 921, 922, 267
1748841029, 1986, 2, 13, 7, 25, 0, 938, 837, 238
1748841029, 2449, 3, 14, 8, 28, 0, 938, 962, 346
1748841030, 2705, 2, 14, 7, 26, 0, 886, 873, 264
1748841030, 2033, 3, 14, 6, 26, 0, 858, 705, 242
1748841031, 1995, 2, 13, 7, 25, 0, 947, 810, 226
1748841031, 2520, 3, 14, 6, 27, 0, 866, 577, 197
1748841032, 2821, 3, 14, 7, 27, 0, 796, 900, 258
1748841032, 2474, 3, 13, 6, 26, 0, 686, 892, 247
1748841033, 2884, 3, 14, 6, 28, 0, 696, 965, 252
1748841033, 6202, 4, 14, 6, 31, 0, 731, 839, 260
1748841034, 3043, 3, 14, 8, 29, 0, 865, 1077, 391
1748841034, 2996, 2, 13, 8, 27, 0, 1005, 898, 229
1748841035, 2436, 4, 13, 7, 28, 0, 946, 781, 253
1748841035, 2629, 2, 14, 6, 26, 0, 929, 729, 204
1748841036, 2586, 3, 14, 7, 28, 0, 1068, 756, 266
1748841036, 3010, 2, 14, 7, 28, 0, 1040, 784, 370
1748841037, 1877, 2, 13, 7, 25, 0, 1206, 572, 329
1748841037, 2996, 2, 14, 8, 29, 0, 1320, 792, 308
1748841038, 2579, 2, 14, 8, 27, 0, 1378, 707, 265
1748841038, 2767, 4, 14, 8, 29, 0, 1187, 793, 289
1748841039, 2439, 3, 14, 11, 32, 0, 1966, 939, 424
1748841039, 2330, 5, 14, 8, 32, 0, 1574, 694, 216
1748841040, 2374, 3, 14, 12, 32, 0, 1768, 1465, 394
1748841040, 2320, 2, 14, 8, 27, 0, 1223, 689, 240
1748841041, 2675, 3, 15, 8, 29, 0, 1154, 752, 323
1748841041, 2332, 3, 15, 8, 29, 0, 1336, 799, 302
1748841042, 2554, 2, 14, 8, 28, 0, 1361, 605, 278
1748841042, 2605, 2, 14, 8, 28, 0, 1562, 644, 234
1748841043, 2629, 2, 14, 9, 29, 0, 1720, 577, 222
1748841043, 2311, 4, 14, 9, 30, 0, 1657, 748, 221
1748841044, 2481, 3, 14, 7, 28, 0, 1171, 812, 299
1748841044, 2742, 2, 14, 9, 29, 0, 1730, 739, 258
1748841045, 2500, 2, 14, 9, 29, 0, 1564, 806, 363
1748841045, 2600, 2, 14, 10, 29, 0, 1779, 842, 293
1748841046, 2583, 2, 14, 8, 28, 0, 1474, 726, 233
1748841046, 2587, 3, 14, 11, 32, 0, 1920, 987, 385
1748841047, 3524, 3, 13, 10, 30, 0, 1548, 964, 359
1748841047, 2215, 3, 14, 9, 30, 0, 1473, 1042, 327
1748841048, 2989, 2, 14, 9, 29, 0, 1560, 760, 234
1748841048, 3257, 2, 14, 12, 33, 0, 2254, 1084, 372
1748841049, 4004, 3, 14, 9, 32, 0, 1465, 1025, 431
1748841049, 4047, 2, 15, 9, 31, 0, 1524, 863, 250
1748841050, 2896, 2, 14, 8, 28, 0, 1577, 732, 272
1748841050, 3042, 2, 14, 8, 28, 0, 1507, 767, 241
1748841051, 2914, 2, 14, 9, 29, 0, 1574, 779, 375
1748841051, 2683, 2, 14, 8, 28, 0, 1608, 658, 258
1748841052, 2852, 3, 14, 8, 28, 0, 1432, 783, 261
1748841052, 2764, 3, 14, 7, 28, 0, 1218, 769, 281
1748841053, 2698, 3, 13, 10, 31, 0, 1900, 1017, 283
1748841053, 2465, 2, 14, 9, 28, 0, 1424, 901, 234
1748841054, 2836, 3, 14, 7, 28, 0, 1089, 883, 209
1748841054, 2815, 2, 13, 9, 28, 0, 1523, 857, 263
1748841055, 3213, 2, 14, 10, 30, 0, 1786, 886, 262
1748841055, 2545, 3, 14, 8, 29, 0, 1399, 841, 250
1748841056, 2861, 3, 15, 9, 30, 0, 1277, 1030, 311
1748841056, 2781, 3, 13, 9, 29, 0, 1503, 865, 227
1748841057, 2283, 2, 13, 9, 28, 0, 1553, 838, 212
1748841057, 2226, 3, 14, 10, 30, 0, 1625, 962, 345
1748841058, 2433, 3, 14, 10, 30, 0, 1488, 1098, 314
1748841058, 2299, 3, 14, 10, 30, 0, 1674, 1048, 394
1748841059, 2585, 2, 14, 9, 28, 0, 1539, 894, 263
1748841059, 2862, 4, 14, 9, 31, 0, 1379, 1068, 264
1748841060, 2506, 2, 14, 9, 28, 0, 1472, 893, 295
1748841060, 2656, 3, 13, 10, 30, 0, 1479, 1132, 287
1748841061, 3011, 3, 14, 9, 29, 0, 1501, 909, 327
1748841061, 2290, 3, 14, 10, 30, 0, 1737, 810, 252
1748841062, 2526, 3, 14, 7, 28, 0, 1217, 677, 217
1748841062, 2845, 2, 14, 8, 28, 0, 1606, 643, 216
1748841063, 2680, 3, 14, 12, 33, 0, 2259, 986, 468
1748841063, 2965, 3, 14, 9, 30, 0, 1396, 918, 254
1748841064, 2522, 3, 14, 9, 29, 0, 1465, 914, 306
1748841064, 3487, 2, 13, 8, 28, 0, 1310, 863, 221
1748841065, 2370, 2, 14, 8, 27, 0, 1154, 891, 224
1748841065, 2943, 2, 14, 8, 29, 0, 999, 1006, 236
1748841066, 2640, 2, 14, 8, 28, 0, 1120, 961, 232
1748841066, 3094, 2, 14, 8, 28, 0, 1321, 933, 261
1748841067, 2764, 2, 13, 8, 27, 0, 1081, 970, 235
1748841067, 2958, 3, 14, 8, 29, 0, 1066, 939, 314
1748841068, 2564, 2, 14, 7, 27, 0, 1126, 835, 249
1748841068, 2134, 3, 13, 8, 28, 0, 1346, 962, 239
1748841069, 3401, 3, 14, 7, 28, 0, 1144, 810, 247
1748841069, 2795, 2, 13, 8, 27, 0, 1300, 716, 193
1748841070, 2814, 3, 14, 9, 29, 0, 1442, 782, 302
1748841070, 2731, 2, 13, 9, 28, 0, 1619, 726, 199
1748841071, 3436, 3, 14, 8, 29, 0, 1535, 620, 228
1748841071, 2643, 2, 14, 8, 28, 0, 1535, 773, 220
1748841072, 2771, 3, 14, 7, 27, 0, 1219, 592, 195
1748841072, 2470, 2, 14, 10, 29, 0, 1460, 1011, 382
1748841073, 3156, 3, 14, 9, 30, 0, 1612, 808, 217
1748841073, 2392, 2, 15, 9, 29, 0, 1688, 721, 226
1748841074, 2273, 3, 14, 9, 29, 0, 1788, 768, 265
1748841074, 2708, 2, 13, 9, 28, 0, 1917, 642, 225
1748841075, 2748, 3, 14, 7, 28, 0, 1171, 699, 218
1748841075, 2963, 3, 14, 7, 28, 0, 1218, 635, 243
1748841076, 2430, 2, 14, 10, 29, 0, 1889, 759, 270
1748841076, 2531, 3, 14, 9, 29, 0, 1685, 696, 199
1748841077, 2935, 3, 14, 10, 30, 0, 1552, 978, 311
1748841077, 3740, 2, 14, 10, 32, 0, 1707, 923, 368
1748841078, 2360, 3, 14, 11, 31, 0, 2078, 904, 311
1748841078, 2790, 2, 14, 8, 28, 0, 1453, 770, 274
1748841079, 2684, 2, 14, 7, 26, 0, 1078, 697, 275
1748841079, 2979, 4, 14, 9, 31, 0, 1435, 915, 299
1748841080, 3590, 5, 16, 9, 34, 0, 1376, 929, 326
1748841080, 4322, 2, 14, 8, 29, 0, 1318, 872, 259
1748841081, 2723, 2, 13, 8, 28, 0, 1519, 759, 242
1748841081, 2468, 2, 14, 9, 29, 0, 1225, 1001, 362
1748841082, 4367, 3, 15, 10, 33, 0, 1754, 959, 317
1748841082, 2486, 3, 14, 9, 30, 0, 1528, 955, 380
1748841083, 3231, 2, 13, 8, 28, 0, 1309, 671, 204
1748841083, 3128, 3, 14, 8, 29, 0, 1395, 694, 253
1748841084, 2462, 2, 14, 9, 28, 0, 1342, 911, 251
1748841084, 2817, 2, 14, 9, 28, 0, 1334, 905, 343
1748841085, 2215, 3, 15, 10, 32, 0, 1473, 1044, 536
1748841085, 5811, 3, 14, 8, 32, 0, 1261, 834, 246
1748841086, 2382, 3, 14, 4, 25, 0, 644, 492, 212
1748841086, 2593, 2, 14, 5, 24, 0, 660, 622, 234
1748841087, 2725, 3, 14, 6, 27, 0, 689, 786, 293
1748841087, 2899, 2, 14, 4, 24, 0, 671, 454, 201
1748841088, 2460, 3, 15, 7, 28, 0, 1042, 779, 301
1748841088, 3140, 2, 14, 5, 24, 0, 778, 494, 204
1748841089, 2363, 2, 14, 7, 27, 0, 1359, 609, 273
1748841089, 2512, 3, 15, 8, 29, 0, 1245, 727, 274
1748841090, 2809, 3, 15, 7, 29, 0, 1204, 756, 260
1748841090, 2825, 2, 14, 7, 27, 0, 1310, 612, 245
1748841091, 3063, 2, 14, 7, 27, 0, 1035, 707, 229
1748841091, 2319, 3, 14, 9, 30, 0, 1565, 879, 284
1748841092, 5554, 3, 15, 8, 32, 0, 1223, 790, 278
1748841092, 2873, 2, 15, 7, 28, 0, 1306, 604, 254
1748841093, 2866, 2, 14, 8, 28, 0, 1268, 743, 374
1748841093, 3850, 3, 14, 8, 30, 0, 1224, 826, 297
1748841094, 3158, 2, 15, 8, 29, 0, 1144, 910, 264
1748841094, 2225, 2, 14, 8, 27, 0, 1217, 678, 254
1748841095, 2572, 2, 13, 8, 28, 0, 1330, 815, 227
1748841095, 2725, 3, 14, 9, 30, 0, 1672, 890, 261
1748841096, 2584, 2, 14, 9, 29, 0, 1388, 931, 393
1748841096, 2893, 2, 14, 8, 28, 0, 1311, 811, 244
1748841097, 2436, 2, 14, 9, 29, 0, 1492, 950, 277
1748841097, 2383, 2, 14, 9, 29, 0, 1616, 917, 285
1748841098, 2951, 3, 15, 10, 31, 0, 1700, 971, 299
1748841098, 3363, 2, 14, 9, 29, 0, 1540, 821, 251
1748841099, 3003, 2, 14, 9, 28, 0, 1497, 865, 278
1748841099, 2447, 3, 15, 9, 30, 0, 1624, 814, 252
1748841100, 2441, 2, 14, 10, 30, 0, 1753, 860, 255
1748841100, 2515, 2, 14, 10, 30, 0, 2066, 600, 253
1748841101, 2835, 2, 14, 9, 29, 0, 1691, 714, 256
1748841101, 2573, 2, 14, 10, 29, 0, 1872, 736, 226
1748841102, 2732, 2, 14, 8, 29, 0, 1509, 847, 219
1748841102, 3119, 2, 14, 9, 29, 0, 1899, 635, 238
1748841103, 2842, 3, 14, 8, 29, 0, 1314, 913, 307
1748841103, 2896, 3, 14, 9, 30, 0, 1626, 638, 239
1748841104, 2213, 2, 14, 8, 28, 0, 1322, 896, 308
1748841104, 2875, 2, 14, 8, 29, 0, 1565, 709, 249
1748841105, 3730, 3, 14, 9, 31, 0, 1808, 613, 215
1748841105, 2465, 2, 14, 10, 29, 0, 1709, 957, 306
1748841106, 2773, 3, 14, 9, 30, 0, 1664, 887, 282
1748841106, 3036, 2, 15, 10, 30, 0, 1777, 875, 273
1748841107, 1963, 2, 13, 9, 27, 0, 1531, 863, 263
1748841107, 3098, 2, 14, 9, 29, 0, 1555, 871, 206
1748841108, 2851, 3, 15, 9, 30, 0, 1472, 854, 267
1748841108, 2611, 3, 14, 10, 30, 0, 1554, 828, 290
1748841109, 2422, 3, 14, 9, 29, 0, 1618, 839, 201
1748841109, 2574, 3, 14, 9, 30, 0, 1564, 797, 239
1748841110, 2141, 2, 14, 9, 28, 0, 1480, 874, 223
1748841110, 2830, 2, 13, 8, 27, 0, 1241, 863, 263
1748841111, 3232, 2, 14, 9, 29, 0, 1363, 894, 391
1748841111, 3808, 3, 14, 10, 32, 0, 1351, 1227, 337
1748841112, 3140, 2, 14, 9, 29, 0, 1459, 838, 256
1748841112, 2736, 2, 14, 9, 29, 0, 1609, 777, 239
1748841113, 2844, 4, 14, 9, 31, 0, 1249, 1218, 387
1748841113, 2529, 3, 14, 10, 30, 0, 1731, 985, 246
1748841114, 2407, 3, 14, 7, 27, 0, 1177, 697, 274
1748841114, 2666, 3, 14, 8, 29, 0, 1148, 1056, 260
1748841115, 2176, 3, 14, 8, 28, 0, 1107, 911, 348
1748841115, 3003, 2, 14, 8, 28, 0, 1439, 775, 203
1748841116, 2829, 2, 14, 8, 28, 0, 1194, 838, 259
1748841116, 2562, 3, 13, 9, 29, 0, 1374, 954, 268
1748841117, 2352, 4, 14, 9, 30, 0, 1729, 853, 305
1748841117, 2354, 3, 14, 9, 30, 0, 1492, 1016, 331
1748841118, 2022, 3, 14, 10, 29, 0, 1851, 885, 279
1748841118, 2644, 2, 14, 9, 28, 0, 1820, 658, 219
1748841119, 3238, 3, 14, 9, 30, 0, 1878, 763, 263
1748841119, 2625, 2, 16, 10, 32, 0, 1755, 882, 320
1748841120, 3163, 2, 14, 10, 30, 0, 1867, 779, 223
1748841120, 5755, 2, 14, 8, 32, 0, 1475, 740, 256
1748841121, 2248, 2, 14, 10, 29, 0, 1634, 956, 390
1748841121, 2317, 3, 15, 10, 32, 0, 1825, 1007, 286
1748841122, 2374, 3, 14, 10, 30, 0, 1887, 771, 318
1748841122, 4314, 2, 14, 9, 31, 0, 1634, 703, 239
1748841123, 4302, 3, 15, 11, 34, 0, 1808, 963, 389
1748841123, 2485, 4, 14, 8, 29, 0, 1447, 756, 257
1748841124, 3420, 3, 14, 8, 29, 0, 1424, 664, 231
1748841124, 2736, 3, 14, 8, 29, 0, 1463, 748, 251
1748841125, 2387, 3, 14, 9, 28, 0, 1637, 794, 247
1748841125, 2730, 3, 14, 8, 29, 0, 1470, 698, 240
1748841126, 2595, 3, 14, 6, 27, 0, 995, 716, 278
1748841126, 2325, 2, 14, 7, 26, 0, 1118, 676, 274
1748841127, 2872, 3, 14, 8, 28, 0, 1377, 667, 227
1748841127, 2839, 3, 14, 9, 31, 0, 1591, 752, 362
1748841128, 2244, 4, 14, 11, 32, 0, 2101, 809, 303
1748841128, 2836, 4, 14, 7, 29, 0, 1220, 546, 243
1748841129, 2623, 3, 14, 8, 28, 0, 1281, 814, 317
1748841129, 2510, 2, 14, 7, 27, 0, 1260, 676, 253
1748841130, 2399, 2, 15, 6, 26, 0, 830, 856, 236
1748841130, 2397, 3, 14, 7, 27, 0, 978, 807, 322
1748841131, 2752, 3, 14, 6, 26, 0, 973, 610, 263
1748841131, 2227, 2, 14, 6, 26, 0, 938, 660, 265
1748841132, 2314, 3, 14, 6, 27, 0, 811, 879, 247
1748841132, 3361, 3, 14, 7, 28, 0, 1213, 672, 272
1748841133, 2579, 2, 14, 6, 26, 0, 858, 758, 217
1748841133, 2554, 3, 15, 6, 27, 0, 846, 672, 260
1748841134, 2278, 2, 14, 7, 27, 0, 1075, 716, 248
1748841134, 1985, 2, 14, 6, 25, 0, 969, 731, 236
1748841135, 2853, 2, 14, 6, 26, 0, 856, 716, 267
1748841135, 3088, 2, 14, 6, 26, 0, 725, 788, 266
1748841136, 2630, 3, 15, 8, 30, 0, 961, 1139, 473
1748841136, 4527, 3, 14, 6, 28, 0, 929, 740, 260
1748841137, 2425, 3, 14, 7, 27, 0, 1128, 693, 264
1748841137, 2337, 3, 14, 9, 30, 0, 1127, 1089, 514
1748841138, 2474, 3, 14, 9, 30, 0, 1499, 910, 304
1748841138, 3408, 2, 14, 6, 27, 0, 930, 612, 252
1748841139, 2322, 3, 14, 6, 27, 0, 960, 713, 266
1748841139, 2577, 2, 14, 6, 26, 0, 824, 788, 259
1748841140, 2900, 2, 14, 7, 28, 0, 1025, 894, 297
1748841140, 2705, 2, 14, 7, 27, 0, 1040, 634, 251
1748841141, 3073, 3, 14, 9, 30, 0, 1324, 762, 306
1748841141, 2646, 2, 14, 8, 29, 0, 1167, 795, 288
1748841142, 1930, 2, 14, 7, 26, 0, 1062, 804, 231
1748841142, 2816, 2, 14, 8, 28, 0, 1380, 786, 242
1748841143, 2466, 2, 14, 8, 28, 0, 1222, 828, 266
1748841143, 2486, 2, 14, 7, 28, 0, 1127, 825, 264
1748841144, 2800, 3, 14, 7, 27, 0, 1042, 707, 197
1748841144, 3135, 2, 14, 7, 27, 0, 968, 713, 261
1748841145, 2272, 3, 14, 10, 31, 0, 1801, 920, 296
1748841145, 2516, 2, 14, 7, 26, 0, 866, 858, 282
1748841146, 3009, 2, 14, 7, 27, 0, 1236, 649, 242
1748841146, 3035, 2, 15, 9, 30, 0, 1318, 911, 348
1748841147, 4012, 3, 14, 9, 31, 0, 1454, 882, 477
1748841147, 2209, 2, 14, 8, 27, 0, 1386, 643, 245
1748841148, 2919, 4, 14, 8, 29, 0, 1268, 742, 227
1748841148, 2848, 3, 13, 8, 29, 0, 1373, 766, 259
1748841149, 3222, 3, 14, 8, 30, 0, 1213, 839, 336
1748841149, 2768, 2, 14, 8, 28, 0, 1258, 815, 221
1748841150, 2797, 3, 14, 10, 31, 0, 1764, 957, 337
1748841150, 2567, 3, 14, 7, 28, 0, 767, 901, 380
1748841151, 2731, 3, 14, 9, 30, 0, 1162, 1077, 467
1748841151, 2501, 3, 14, 7, 28, 0, 1094, 795, 238
1748841152, 3278, 2, 14, 8, 28, 0, 1469, 768, 245
1748841152, 1891, 2, 13, 8, 26, 0, 1221, 795, 224
1748841153, 3394, 3, 14, 8, 29, 0, 1240, 822, 224
1748841153, 2472, 3, 14, 8, 29, 0, 1237, 800, 256
1748841154, 3012, 2, 14, 10, 30, 0, 1683, 877, 289
1748841154, 3056, 2, 14, 8, 29, 0, 1592, 710, 275
1748841155, 2270, 2, 14, 9, 28, 0, 1490, 791, 237
1748841155, 2778, 2, 14, 9, 29, 0, 1381, 910, 232
1748841156, 2707, 2, 14, 9, 30, 0, 1567, 836, 269
1748841156, 2832, 2, 14, 8, 28, 0, 1366, 763, 261
1748841157, 2572, 2, 14, 9, 29, 0, 1557, 734, 242
1748841157, 2523, 2, 14, 8, 28, 0, 1413, 787, 237
1748841158, 2433, 2, 14, 9, 29, 0, 1510, 890, 301
1748841158, 2482, 2, 13, 7, 26, 0, 1128, 839, 229
1748841159, 2748, 2, 13, 8, 27, 0, 1434, 690, 221
1748841159, 2620, 2, 13, 7, 26, 0, 1025, 860, 234
1748841160, 2681, 3, 14, 8, 28, 0, 1076, 953, 297
1748841160, 2675, 2, 14, 7, 26, 0, 1004, 797, 270
1748841161, 2511, 3, 13, 7, 26, 0, 942, 785, 273
1748841161, 2477, 2, 13, 6, 25, 0, 759, 779, 282
1748841162, 2574, 3, 14, 5, 26, 0, 775, 668, 238
1748841162, 2857, 2, 13, 6, 25, 0, 898, 694, 265
1748841163, 2155, 3, 13, 7, 27, 0, 830, 847, 298
1748841163, 2350, 2, 14, 8, 27, 0, 1268, 651, 258
1748841164, 2412, 3, 13, 7, 26, 0, 980, 684, 220
1748841164, 2882, 3, 13, 9, 30, 0, 1558, 915, 378
1748841165, 2156, 3, 13, 7, 27, 0, 740, 959, 353
1748841165, 2645, 3, 14, 6, 27, 0, 696, 902, 269
1748841166, 2097, 2, 13, 7, 26, 0, 854, 895, 265
1748841166, 4758, 3, 13, 6, 29, 0, 671, 858, 236
1748841167, 2287, 2, 13, 6, 25, 0, 651, 870, 304
1748841167, 3146, 2, 13, 6, 26, 0, 690, 884, 361
1748841168, 2779, 4, 14, 5, 26, 0, 417, 735, 255
1748841168, 3078, 3, 15, 7, 29, 0, 757, 894, 470
1748841169, 2837, 4, 14, 6, 28, 0, 638, 960, 342
1748841169, 3744, 2, 14, 6, 26, 0, 710, 717, 268
1748841170, 2665, 3, 14, 6, 27, 0, 697, 902, 315
1748841170, 2943, 2, 13, 7, 26, 0, 1041, 732, 224
1748841171, 2840, 2, 13, 7, 26, 0, 958, 838, 231
1748841171, 2700, 2, 14, 7, 27, 0, 872, 879, 243
1748841172, 2675, 2, 14, 8, 27, 0, 1224, 793, 238
1748841172, 2395, 2, 13, 8, 27, 0, 1168, 772, 230
1748841173, 3148, 2, 14, 7, 27, 0, 954, 862, 266
1748841173, 2842, 2, 14, 7, 28, 0, 1060, 791, 235
1748841174, 2338, 3, 14, 8, 28, 0, 1243, 892, 280
1748841174, 2842, 3, 13, 7, 27, 0, 755, 915, 303
1748841175, 2689, 2, 13, 7, 26, 0, 986, 747, 251
1748841175, 2989, 2, 14, 7, 27, 0, 906, 842, 317
1748841176, 2204, 2, 13, 7, 26, 0, 1002, 788, 218
1748841176, 3280, 3, 13, 7, 27, 0, 964, 796, 266
1748841177, 2898, 3, 14, 8, 29, 0, 1030, 1044, 365
1748841177, 3880, 3, 14, 9, 31, 0, 1281, 1088, 455
1748841178, 2908, 4, 14, 8, 30, 0, 1099, 947, 475
1748841178, 2803, 3, 14, 9, 30, 0, 1284, 1060, 359
1748841179, 2618, 3, 14, 10, 31, 0, 1908, 956, 272
1748841180, 3085, 2, 14, 11, 31, 0, 1694, 1066, 380
1748841180, 2340, 3, 15, 10, 31, 0, 1734, 1037, 317
1748841180, 2553, 3, 13, 8, 28, 0, 1107, 949, 302
1748841181, 2796, 3, 13, 9, 28, 0, 1357, 845, 270
1748841181, 2285, 2, 13, 9, 28, 0, 1337, 1088, 314
1748841182, 2548, 3, 14, 8, 28, 0, 1086, 876, 297
1748841182, 2861, 2, 13, 8, 27, 0, 1337, 822, 217
1748841183, 2497, 3, 14, 8, 28, 0, 1067, 1012, 248
1748841183, 2723, 2, 14, 10, 30, 0, 1407, 1043, 286
1748841184, 2281, 2, 14, 9, 28, 0, 1285, 956, 365
1748841184, 2343, 3, 15, 9, 30, 0, 1523, 917, 326
1748841185, 1973, 2, 14, 10, 28, 0, 1698, 889, 284
1748841185, 2595, 3, 13, 8, 27, 0, 1242, 832, 270
1748841186, 2666, 2, 13, 7, 26, 0, 1228, 710, 288
1748841186, 3509, 3, 14, 9, 30, 0, 1230, 1009, 299
1748841187, 4596, 3, 14, 8, 31, 0, 1257, 880, 322
1748841187, 3175, 2, 13, 7, 26, 0, 1115, 668, 216
1748841188, 2543, 3, 14, 11, 31, 0, 1817, 1076, 421
1748841188, 2836, 2, 14, 7, 26, 0, 1258, 607, 229
1748841189, 2780, 3, 14, 7, 28, 0, 964, 889, 289
1748841189, 2321, 4, 14, 7, 28, 0, 1101, 747, 363
1748841190, 2677, 2, 14, 8, 27, 0, 1368, 746, 288
1748841190, 2645, 2, 14, 8, 28, 0, 1390, 734, 280
1748841191, 2414, 3, 14, 8, 28, 0, 1280, 680, 261
1748841191, 2922, 3, 14, 7, 27, 0, 992, 748, 251
1748841192, 2545, 2, 13, 7, 26, 0, 988, 807, 252
1748841192, 3183, 3, 14, 8, 30, 0, 1188, 977, 229
1748841193, 2402, 3, 14, 6, 27, 0, 919, 746, 277
1748841193, 2324, 2, 13, 6, 25, 0, 831, 764, 279
1748841194, 2504, 3, 14, 12, 32, 0, 2918, 694, 245
1748841194, 2288, 3, 14, 7, 27, 0, 873, 1080, 333
1748841195, 5069, 2, 14, 7, 29, 0, 1038, 773, 243
1748841195, 2826, 2, 14, 7, 26, 0, 934, 871, 284
1748841196, 2461, 3, 14, 7, 27, 0, 849, 1024, 276
1748841196, 2854, 2, 13, 7, 26, 0, 1010, 720, 221
1748841197, 2835, 2, 14, 8, 28, 0, 1096, 920, 358
1748841197, 2613, 3, 13, 6, 27, 0, 811, 864, 241
1748841198, 3080, 2, 13, 7, 26, 0, 901, 827, 244
1748841198, 2864, 2, 14, 6, 26, 0, 789, 776, 257
1748841199, 3083, 3, 14, 7, 29, 0, 892, 911, 348
1748841199, 3094, 4, 14, 10, 32, 0, 1474, 1120, 555
1748841200, 4102, 2, 14, 11, 32, 0, 1215, 1356, 656
